# 2d Ising Model MC	
# L	16
# beta	0.42
# n_thermalisation	1000
# n_measurements	100000
# Metropolis sweeps per MC update	1
# Cluster updates per MC update	0
# Acceptance during thermalisation: 25.163671875%
# Average of maximum cluster size during thermalisation: 0%
# Acceptance during measurements: 25.185953125%
# Average of maximum cluster size during thermalisation: 0%
# error on E without autocorrelations: 0.00057512193421
# error on E using autocorrelations: 0.0037528504244	tau_E: 21.289852498err: 1.5263502847
#block averaged errors on E:
1	0.00057512193421	0.00057512480984
2	0.00077857962993	0.00077858741584
3	0.00092775341732	0.00092776733408
4	0.0010480008264	0.0010480217871
5	0.0011498210734	0.00114984982
6	0.0012391578227	0.0012391950006
7	0.0013189747059	0.0013190208747
8	0.0013914790354	0.0013915346979
9	0.0014569927202	0.00145705829
10	0.0015206768896	0.0015207529292
11	0.001578125156	0.0015782119687
12	0.0016301601046	0.0016302579269
13	0.0016792541741	0.0016793633407
14	0.0017275921888	0.0017277131475
15	0.0017735081281	0.0017736411695
16	0.001817664122	0.0018178095526
17	0.0018551720405	0.0018553297597
18	0.0018948149351	0.0018949855085
19	0.0019336279394	0.0019338116658
20	0.0019671869413	0.0019673836895
21	0.002005342221	0.0020055528551
22	0.002034954135	0.0020351780393
23	0.0020696478257	0.0020698859215
24	0.0021007580745	0.0021010102512
25	0.0021327918094	0.0021330584583
26	0.0021604531801	0.002160734105
27	0.002185433534	0.0021857286834
28	0.002206385738	0.0022066947339
29	0.0022354921597	0.0022358164025
30	0.0022652710195	0.0022656109206
31	0.0022882696621	0.0022886245151
32	0.0023130517096	0.0023134218867
33	0.0023305007488	0.0023308854151
34	0.0023510997177	0.0023514995306
35	0.0023845750628	0.0023849924939
36	0.0024051594618	0.0024055926288
37	0.0024216044771	0.0024220527149
38	0.0024335929835	0.0024340555998
39	0.002458990615	0.0024594702777
40	0.0024682720756	0.0024687658781
41	0.0024956769594	0.0024961887357
42	0.002518260437	0.0025187896501
43	0.0025272734964	0.0025278171714
44	0.0025532776128	0.0025538396993
45	0.0025763866264	0.0025769665671
46	0.0025664327267	0.0025670234581
47	0.0025930213963	0.0025936311603
48	0.0026294159944	0.0026300473825
49	0.0026376017545	0.0026382484633
50	0.0026617008222	0.0026623664971
51	0.0026592950058	0.0026599736571
52	0.0026963990326	0.0026971003979
53	0.0027010435227	0.0027017598848
54	0.0027011906399	0.0027019205928
55	0.0027295969638	0.0027303479879
56	0.0027266326029	0.0027273966866
57	0.002751327615	0.0027521122515
58	0.0027700242615	0.0027708279825
59	0.0027789309044	0.0027797514953
60	0.0027861095165	0.0027869460604
61	0.0027918072781	0.0027926593481
62	0.0028174683353	0.0028183426467
63	0.0028110213273	0.0028119073861
64	0.0028246713948	0.0028255760134
65	0.0028455935209	0.0028465190676
66	0.0028405706203	0.0028415085667
67	0.0028652979107	0.0028662586141
68	0.0028582343059	0.0028592069907
69	0.0028819104024	0.0028829053655
70	0.0029072733268	0.0029082918146
71	0.0029336494579	0.0029346917921
72	0.0029110791838	0.0029121284104
73	0.0029110431681	0.0029121069515
74	0.002944940746	0.0029460312629
75	0.0029313671695	0.0029324673261
76	0.0029465612723	0.0029476822772
77	0.0029396462911	0.0029407793212
78	0.0029676600354	0.0029688181466
79	0.0029697456217	0.0029709201306
80	0.0029745459124	0.0029757364451
81	0.0030125787746	0.0030138001729
82	0.003016381488	0.0030176194858
83	0.0029980919105	0.0029993377414
84	0.0030103937423	0.0030116594114
85	0.0030304635791	0.0030317528638
86	0.0030353237505	0.0030366306715
87	0.0030221446773	0.0030234606559
88	0.0030690512272	0.0030704029345
89	0.0030553080909	0.0030566693332
90	0.0030891183143	0.0030905094958
91	0.003086729927	0.0030881365026
92	0.0030627836868	0.0030641947828
93	0.0030915602491	0.0030929991881
94	0.0030902600793	0.0030917146617
95	0.0030968328042	0.0030983057331
96	0.0030996146896	0.003101104531
97	0.0031363760582	0.0031378996804
98	0.00311814107	0.0031196706954
99	0.0031480529358	0.0031496125361
100	0.0031220511392	0.0031236133365
101	0.0030979255432	0.0030994913384
102	0.0031207504211	0.0031223438602
103	0.0031519251867	0.0031535511477
104	0.0031619464318	0.0031635928503
105	0.0031874493057	0.0031891247062
106	0.0031609069918	0.0031625843106
107	0.0031751541237	0.0031768552512
108	0.0031872367693	0.0031889609981
109	0.0031824741517	0.0031842108362
110	0.0031745953434	0.0031763429875
111	0.0031881013122	0.0031898739569
112	0.0031690745771	0.0031708524592
113	0.0032017421317	0.0032035546097
114	0.0031811907217	0.0031830059519
115	0.0032131595487	0.0032150099143
116	0.0032242691902	0.0032261410447
117	0.0031898946315	0.0031917638931
118	0.0031960342238	0.0031979225751
119	0.0032525041758	0.0032544419205
120	0.0032726773037	0.0032746434663
121	0.0032425625174	0.0032445271116
122	0.0031808934257	0.0031828371432
123	0.0032436760537	0.0032456727766
124	0.0032851632943	0.0032872031351
125	0.0032745384737	0.0032765869809
126	0.0032368322099	0.0032388750199
127	0.0032186014613	0.0032206482668
128	0.0033079618322	0.0033100816414
129	0.0032803307624	0.0032824491551
130	0.0032885664348	0.0032907067321
131	0.0032991395423	0.0033013036223
132	0.0032506510919	0.003252800283
133	0.0032490430771	0.0032512083843
134	0.0033211752523	0.0033234034815
135	0.0032548614608	0.003257062923
136	0.0033148393705	0.0033170966668
137	0.0032641566656	0.0032663977621
138	0.0032811513427	0.0032834196813
139	0.0033290029996	0.0033313204401
140	0.0033004891731	0.0033028028706
141	0.0032820744978	0.0032843915291
142	0.0033840589557	0.0033864649702
143	0.0032588320116	0.003261165583
144	0.0033129212217	0.0033153106351
145	0.0033387339916	0.0033411595161
146	0.0033619953265	0.0033644556234
147	0.0033485564524	0.0033510213452
148	0.0033448830898	0.0033473635373
149	0.0032972696107	0.0032997293422
150	0.0033745251343	0.0033770614181
151	0.0033645444662	0.0033670885455
152	0.0032673873249	0.0032698767632
153	0.0033240948827	0.0033266430585
154	0.0033651540017	0.0033677495702
155	0.0033765595745	0.00337918011
156	0.0033954248581	0.0033980764984
157	0.0033944238639	0.0033970955872
158	0.0033283794912	0.0033310158318
159	0.003382438131	0.0033851343755
160	0.0033752657581	0.0033779692153
161	0.0033948548542	0.0033975915373
162	0.0033912074198	0.003393958907
163	0.0033100040437	0.0033127071916
164	0.0034284930464	0.0034313113724
165	0.0034414463189	0.0034442893151
166	0.003376055787	0.0033788633183
167	0.0033722447677	0.0033750679116
168	0.0033780107057	0.0033808529533
169	0.003423020197	0.0034259198334
170	0.0033559687201	0.0033588260801
171	0.0034009203227	0.0034038358143
172	0.0034430512369	0.0034460181063
173	0.0034211550167	0.003424118339
174	0.0033537770419	0.0033567022732
175	0.0033647923632	0.003367742642
176	0.0034422661125	0.0034453002833
177	0.0033460086697	0.0033489789398
178	0.0033957159122	0.0033987464491
179	0.0033720637993	0.0033750894291
180	0.0034784835442	0.0034816215544
181	0.0033911730721	0.0033942489667
182	0.0033721306702	0.0033752060295
183	0.0034522847263	0.0034554505084
184	0.0034252712438	0.003428429632
185	0.0034751706057	0.0034783928322
186	0.003385427852	0.0033885844288
187	0.0034608737655	0.0034641188424
188	0.0034820328813	0.0034853162699
189	0.0034474160192	0.0034506790735
190	0.0034795058007	0.0034828180393
191	0.0034839906255	0.0034873261845
192	0.0034503089503	0.0034536313478
193	0.0034544466407	0.0034577858843
194	0.0034948926348	0.0034982906839
195	0.0034282010113	0.003431553776
196	0.0034552715622	0.0034586640731
197	0.0034504750348	0.0034538829122
198	0.0034889430723	0.0034924026102
199	0.0034259394672	0.003429356864
200	0.0034994585086	0.0035029632251
201	0.0034036292384	0.0034070585886
202	0.0034500538569	0.0034535440489
203	0.003426862751	0.0034303506529
204	0.0034966401236	0.0035002135943
205	0.0034227977807	0.0034263173681
206	0.0034060303565	0.0034095471673
207	0.0034168933737	0.0034204360324
208	0.0034266243521	0.0034301993393
209	0.003495297463	0.0034989593786
210	0.0035557033328	0.0035594442105
211	0.0035331846627	0.0035369254628
212	0.0034924344507	0.0034961478323
213	0.0034375782357	0.0034412489022
214	0.0034113356256	0.0034149938954
215	0.0034413941909	0.003445100594
216	0.0034969137988	0.0035007044924
217	0.0034932426837	0.0034970458886
218	0.0034606338703	0.0034644180528
219	0.0034397906253	0.0034435685403
220	0.0034459988666	0.0034498003006
221	0.0034998991223	0.0035037771281
222	0.0033979051167	0.0034016868709
223	0.0035129121681	0.0035168394048
224	0.0035179074418	0.0035218579287
225	0.0034830588406	0.0034869878422
226	0.0035534312129	0.0035574577651
227	0.003457529611	0.0034614653318
228	0.0035247164435	0.0035287469954
229	0.0034390541596	0.0034430048262
230	0.0034853277168	0.0034893500237
231	0.0036017246218	0.0036059005358
232	0.0035100327048	0.0035141117681
233	0.0035605918102	0.0035647489532
234	0.0033976990381	0.0034016846102
235	0.0034491628774	0.003453227891
236	0.0035031586337	0.0035073068396
237	0.0034678661837	0.0034719921413
238	0.0034423267541	0.0034464320945
239	0.0034945642	0.0034987518159
240	0.0036075144013	0.003611858189
241	0.0035829611989	0.0035872963017
242	0.003433046876	0.00343721067
243	0.0034699638135	0.0034741928995
244	0.0035127994983	0.0035171017651
245	0.0034035595512	0.0034077382631
246	0.0035834775106	0.0035878988294
247	0.0034954504114	0.0034997845116
248	0.0034709054515	0.0034752198167
249	0.003622446531	0.0036269717627
250	0.0035705016139	0.0035749731268
251	0.0036067759687	0.0036113156507
252	0.0034721026093	0.0034764948978
253	0.0034849399347	0.0034893596447
254	0.0034401309527	0.00344451608
255	0.0034607877035	0.0034652104372
256	0.0034428195137	0.0034472418913
257	0.003421970305	0.0034263772228
258	0.0034856443014	0.0034901564642
259	0.0035221810059	0.0035267523005
260	0.0035889442104	0.0035936264618
261	0.0035945988784	0.0035993007756
262	0.0035148239992	0.003519445729
263	0.0035001233696	0.0035047379047
264	0.0035071810998	0.0035118294532
265	0.0034814308694	0.0034860573576
266	0.003552068293	0.0035568138774
267	0.0034658482337	0.0034704910331
268	0.0035883601102	0.0035931799379
269	0.0034997332611	0.0035044594392
270	0.0036299508998	0.0036348662046
271	0.0035271844975	0.0035319736165
272	0.0035253746222	0.0035301874225
273	0.0034637021346	0.0034684436866
274	0.0035405791822	0.003545452659
275	0.0035568923697	0.0035618018163
276	0.00339283033	0.0033975262912
277	0.0033817548619	0.0033864484865
278	0.0034169203845	0.0034216892917
279	0.0034797447593	0.0034846149433
280	0.0035079564746	0.0035128799247
281	0.0034835560119	0.0034884728189
282	0.0035123003978	0.0035172718093
283	0.0034836433156	0.0034885881631
284	0.003582142036	0.0035872411731
285	0.003459946612	0.0034649000099
286	0.0034655807475	0.0034705564583
287	0.0034810472906	0.0034860596004
288	0.0035468393966	0.003551961189
289	0.0035238699881	0.0035289733507
290	0.003440134075	0.0034451451979
291	0.0035741404258	0.0035793619632
292	0.0035193315396	0.0035244880721
293	0.0035484478346	0.0035536623088
294	0.0034256877443	0.0034307366605
295	0.0034820218561	0.0034871842338
296	0.0035698485819	0.0035751569098
297	0.0034543793354	0.0034595312836
298	0.0035193664812	0.0035246310563
299	0.0035629699559	0.0035683157503
300	0.0035634248714	0.0035687874401
301	0.0036230897492	0.003628558567
302	0.003641641444	0.0036471549089
303	0.0036524473707	0.003657993991
304	0.0034764919789	0.0034818036581
305	0.0034788798102	0.0034842114299
306	0.0033804988183	0.0033856955913
307	0.0036406639132	0.0036462778933
308	0.00348650396	0.0034918968541
309	0.0034416408089	0.0034469808289
310	0.0035720891953	0.0035776488706
311	0.0035297653748	0.0035352763311
312	0.0036026268865	0.0036082692187
313	0.0035790794288	0.003584702495
314	0.0035225916641	0.0035281434274
315	0.0035100788218	0.003515628357
316	0.0035063790637	0.0035119403346
317	0.003492263169	0.0034978196772
318	0.0034927725553	0.0034983476148
319	0.0035768724867	0.0035826000684
320	0.003375422128	0.0033808444964
321	0.0035843119958	0.0035900884894
322	0.0033591837449	0.0033646149267
323	0.0034738670287	0.0034795018532
324	0.0035830670581	0.0035888979278
325	0.0036031890905	0.0036090718521
326	0.003605704367	0.0036116105206
327	0.0034566834022	0.003462364069
328	0.0036812087788	0.0036872783769
329	0.0035080207632	0.0035138239446
330	0.0036310663906	0.0036370731216
331	0.0034944962705	0.0035002962683
332	0.0036125117935	0.0036185276374
333	0.0035295347283	0.0035354320336
334	0.0034061427769	0.0034118529951
335	0.0036323959001	0.0036385059059
336	0.0034224073172	0.0034281835362
337	0.0035449891987	0.0035509925716
338	0.0037035266016	0.0037098197694
339	0.0035152159925	0.003521209545
340	0.0035336758521	0.0035397008792
341	0.0034929059776	0.003498881869
342	0.0035768220058	0.0035829624773
343	0.0035589608546	0.0035650917133
344	0.0034607504835	0.0034667327706
345	0.0036169311499	0.0036232051029
346	0.0034961808284	0.003502245327
347	0.0034719365314	0.0034779799416
348	0.0034678682193	0.0034739256357
349	0.0035593334541	0.0035655724307
350	0.0035075720921	0.0035137419686
351	0.0034780750833	0.0034842146734
352	0.0036146174999	0.0036209981183
353	0.0036977160398	0.0037042664719
354	0.0034424992492	0.0034486192527
355	0.0035270167643	0.0035333093951
356	0.0036096392515	0.0036161023529
357	0.0034713056792	0.0034775210927
358	0.0034090124157	0.0034151382291
359	0.0035470807679	0.0035534776726
360	0.0036303309027	0.0036369016428
361	0.0034895696374	0.0034958856057
362	0.0034209055407	0.0034271197248
363	0.0035259095095	0.003532337791
364	0.003529145211	0.0035356029387
365	0.003714575246	0.0037213972448
366	0.0035441522573	0.003550661266
367	0.0035456124975	0.0035521481943
368	0.0035326760779	0.0035392120245
369	0.00353895409	0.0035455016517
370	0.0036683030244	0.0036751151064
371	0.0035644043419	0.0035710481581
372	0.0034370310202	0.0034434613925
373	0.0035928655414	0.003599587466
374	0.0035334096366	0.0035400451535
375	0.0035978710319	0.0036046530757
376	0.0035704451614	0.0035772009767
377	0.0034479612283	0.0034544852857
378	0.0035491851267	0.0035559262251
379	0.0036611324887	0.0036681127286
380	0.0035627671966	0.0035695598952
381	0.003641784861	0.0036487547906
382	0.0034936816005	0.0035003937711
383	0.0036747191608	0.0036817791465
384	0.0036394863014	0.003646505568
385	0.0035645053932	0.0035714066686
386	0.0035838986603	0.0035908374832
387	0.0036986346598	0.0037058234608
388	0.0035036529785	0.0035104893811
389	0.0035632021101	0.0035701547062
390	0.003638625165	0.0036457527431
391	0.0034468348245	0.0034536132673
392	0.0035255031146	0.0035324362641
393	0.0033944838863	0.0034011857366
394	0.0035100210055	0.0035169784376
395	0.003419206875	0.0034259842987
396	0.0036056633751	0.0036128388317
397	0.0036148486433	0.0036220711253
398	0.0035898914309	0.0035970640483
399	0.0034564314659	0.0034633651368
400	0.0035068576694	0.0035138924962
401	0.0036605286743	0.0036679013478
402	0.0035599687176	0.0035671678528
403	0.0037307978462	0.00373834244
404	0.0035696514796	0.0035768995104
405	0.0035241823345	0.0035313672193
406	0.0034173285332	0.0034242955711
407	0.0035871860166	0.0035945292915
408	0.0035153442577	0.0035225404664
409	0.0034858436669	0.0034930088208
410	0.0035282003299	0.0035354824848
411	0.0033876948333	0.0033946869869
412	0.0036687312248	0.003676334821
413	0.0035134183472	0.0035207000511
414	0.0033740812311	0.00338110326
415	0.0034413851118	0.0034485771471
416	0.0033740109549	0.0033810621872
417	0.0034580213779	0.0034652785137
418	0.003539935747	0.0035473647914
419	0.003546476061	0.0035539502022
420	0.003625904843	0.0036335463791
421	0.0035449498117	0.0035524523594
422	0.0036068284615	0.003614494418
423	0.0036122394563	0.0036199169133
424	0.0034287173601	0.0034360358687
425	0.0033886634553	0.0033958964699
426	0.0035945995508	0.0036023050249
427	0.0035351676103	0.0035427456846
428	0.0036145226427	0.0036223041859
429	0.0035894853431	0.0035972129847
430	0.0034924034673	0.0034999546188
431	0.0035231398896	0.0035307574983
432	0.0034537917134	0.0034612918128
433	0.0034093015958	0.0034167373769
434	0.0035409767197	0.0035486996879
435	0.0036647120365	0.0036727398929
436	0.0036527158125	0.0036607173901
437	0.0034975415934	0.0035052369638
438	0.0034167713362	0.003424288994
439	0.0036249563329	0.0036329672959
440	0.0036902241732	0.0036983793747
441	0.0035156502535	0.0035234541482
442	0.0034762027486	0.0034839190794
443	0.0036030664657	0.0036111000687
444	0.0035823894131	0.0035903769134
445	0.0035368797069	0.00354480106
446	0.0036209328937	0.003629042496
447	0.0036691491345	0.0036774036987
448	0.0033855825283	0.0033931991465
449	0.0035145691318	0.003522511671
450	0.0036437255926	0.0036519600112
451	0.0035005009499	0.0035084476138
452	0.0036007664555	0.0036089407372
453	0.0036342177273	0.0036425055778
454	0.003593263038	0.0036014574912
455	0.0035135004946	0.0035215497617
456	0.0033838591718	0.0033916114367
457	0.0035639553788	0.0035721578186
458	0.003528708071	0.0035368293892
459	0.0034595046048	0.0034675034701
460	0.0034335745289	0.0034415134401
461	0.0034348711389	0.0034428499444
462	0.0036416908637	0.0036501500874
463	0.0034144356802	0.0034224040357
464	0.0036359755656	0.0036444609344
465	0.0035800294275	0.0035883842333
466	0.0034915270629	0.0034997135386
467	0.0034350664882	0.0034431205825
468	0.0034909996268	0.00349922343
469	0.0034396147845	0.0034477175397
470	0.0035204490574	0.0035287814928
471	0.0036020344493	0.0036105599866
472	0.0034426181029	0.0034508050779
473	0.0035606409447	0.0035691085927
474	0.0035252230375	0.0035336465215
475	0.0034273840342	0.0034355737329
476	0.0036029040279	0.0036115131299
477	0.0036028402524	0.0036114905416
478	0.003473975065	0.0034823159536
479	0.0035932595602	0.003601928474
480	0.003798689186	0.0038078537088
481	0.0035950431636	0.0036037584326
482	0.0035435746866	0.0035521651832
483	0.0034948090527	0.0035032813295
484	0.0034507505633	0.003459156789
485	0.0034023211215	0.0034106093703
486	0.0035733510414	0.0035820985479
487	0.0036166137624	0.0036254671753
488	0.0033781120038	0.003386422255
489	0.0034064390867	0.0034148190233
490	0.0034500629319	0.0034585501844
491	0.0036538954738	0.0036629286037
492	0.0036576985089	0.0036667410407
493	0.0035108981295	0.0035196208712
494	0.0035018704414	0.0035105707541
495	0.0035518128461	0.0035606372395
496	0.0034800660844	0.0034887554015
497	0.0035203175694	0.0035291073897
498	0.0036126118496	0.0036216773892
499	0.0036001289548	0.0036091631696
500	0.0034595826391	0.003468264165
501	0.0036056670799	0.0036147608322
502	0.0035776991037	0.0035867223188
503	0.0035048137462	0.0035136979525
504	0.0036782755288	0.0036875994361
505	0.0034811039656	0.0034899280709
506	0.003354615383	0.0033631621876
507	0.0035684727253	0.0035775643902
508	0.0035516388423	0.003560733963
509	0.0036360078483	0.0036453190232
510	0.0036648137008	0.0036741986424
511	0.0036964520103	0.003705966703
512	0.003598018609	0.0036072799335
513	0.0035217757438	0.0035308877273
514	0.0036162250707	0.0036255814254
515	0.0036774391599	0.0036869538955
516	0.0036507360831	0.0036602308614
517	0.0035238569106	0.0035330217035
518	0.0034412208023	0.0034501706765
519	0.0034964346206	0.0035055756417
520	0.0035005013427	0.0035096529958
521	0.0034016837221	0.0034106237736
522	0.0035418319691	0.0035511403478
523	0.003693199409	0.0037029056003
524	0.0036110733559	0.0036206138569
525	0.0035558038261	0.0035651983044
526	0.0034804880381	0.0034896835311
527	0.0035137368788	0.0035230695297
528	0.0035571866132	0.0035666346686
529	0.0035537447169	0.0035631836306
530	0.0035786858179	0.0035882417383
531	0.0036593972795	0.0036691687182
532	0.0035220953798	0.0035315506865
533	0.0033614745119	0.0033704986208
534	0.0035297014615	0.0035391771872
535	0.0035474977231	0.0035570726331
536	0.0035660187113	0.0035756436106
537	0.003482619707	0.0034920195074
538	0.0035880237904	0.0035977606436
539	0.0037458137448	0.003755978794
540	0.0037542112925	0.0037643991302
541	0.0035048048981	0.0035143678214
542	0.0034903905331	0.0034999141266
543	0.0035874257244	0.0035972140802
544	0.0035526264875	0.0035623730806
545	0.003530685715	0.0035403721137
546	0.0036034579898	0.0036133440385
547	0.0035947563128	0.0036046729008
548	0.0034700804385	0.0034796530924
549	0.0036126291383	0.0036225950308
550	0.003674402402	0.0036845949386
551	0.0035415631955	0.0035513872455
552	0.003464070711	0.0034736798021
553	0.0034756725865	0.0034853676475
554	0.0034310301957	0.0034406007309
555	0.0035523763059	0.0035622853246
556	0.0035370447552	0.0035469663588
557	0.0036555843115	0.003665838425
558	0.0035103296116	0.0035201762778
559	0.0034141068557	0.0034237376417
560	0.0034767449129	0.0034865523933
561	0.003527585766	0.0035375366624
562	0.003525287521	0.0035352883568
563	0.003439863299	0.003449621796
564	0.0036056782868	0.0036159071819
565	0.0037077300049	0.0037183084287
566	0.0036025485941	0.0036128269277
567	0.0036959933513	0.0037065382896
568	0.0034668279432	0.0034767190558
569	0.0032750006566	0.0032843980953
570	0.0033677271681	0.0033773906805
571	0.0034598773868	0.0034698053194
572	0.0035140244981	0.003524166004
573	0.0036160453688	0.0036264813079
574	0.0037404646247	0.0037512596389
575	0.0036787665998	0.00368944519
576	0.0034696158345	0.0034796873095
577	0.0034128614622	0.0034227681926
578	0.0036152434801	0.0036257376778
579	0.0036777379302	0.003688475874
580	0.0035725081266	0.0035829388295
581	0.0035511625996	0.0035615309797
582	0.0034154169925	0.0034254476074
583	0.0034009812975	0.0034109695167
584	0.0034700137878	0.0034802047459
585	0.0037422226655	0.0037532780002
586	0.0036767880117	0.0036876500383
587	0.0035942697823	0.0036048880323
588	0.0035304350601	0.0035408647285
589	0.0036529632811	0.0036638190652
590	0.0036731767526	0.0036840926066
591	0.0036840193782	0.0036949674539
592	0.003603365093	0.003614137509
593	0.0035034532045	0.0035139269296
594	0.003417516662	0.003427733476
595	0.0035817026367	0.0035924102918
596	0.0037837991503	0.0037951790231
597	0.0037037302748	0.0037148693384
598	0.0036032687899	0.003614105713
599	0.0035658617668	0.0035766510858
600	0.0036320662984	0.0036430559341
601	0.0034367029441	0.0034471014639
602	0.0034463561021	0.0034567838297
603	0.0032975577698	0.0033075960207
604	0.0036143278949	0.0036253304406
605	0.0036982592236	0.0037095172686
606	0.0038363893276	0.0038480678609
607	0.0036868479171	0.0036981399739
608	0.0035907721052	0.0036017699016
609	0.0035674377459	0.0035783640739
610	0.0035594599386	0.0035704290245
611	0.0034744885955	0.0034851958276
612	0.0034737635645	0.0034844685624
613	0.0035099181503	0.0035207345647
614	0.0036545209817	0.0036658528569
615	0.0037101434741	0.0037216478225
616	0.0036340443	0.0036453126814
617	0.0035431685265	0.0035541551219
618	0.0034599945731	0.0034707902143
619	0.003559325712	0.0035704312794
620	0.0037635724406	0.0037753152848
621	0.0037981310923	0.0038099817641
622	0.0037251127585	0.0037368085887
623	0.0036040745043	0.0036153903076
624	0.0035930358609	0.0036043170059
625	0.0035912813592	0.0036025569956
626	0.0036046474294	0.0036160365492
627	0.0035965690781	0.0036079326738
628	0.0036596628186	0.0036712257631
629	0.0036135320715	0.0036250218686
630	0.0034880621579	0.0034991530035
631	0.0036017361673	0.0036131884574
632	0.0035920179009	0.0036034392903
633	0.0036936601984	0.0037054799412
634	0.0036057632402	0.003617301712
635	0.0034931527473	0.0035043308647
636	0.0035032796625	0.0035144901861
637	0.0035213937074	0.0035327347793
638	0.0035383801012	0.0035497758798
639	0.003446811579	0.0034579124502
640	0.0035041777233	0.003515463349
641	0.0036437591832	0.0036554943479
642	0.0037443495462	0.0037564868537
643	0.0036512401253	0.0036630756187
644	0.0036458645865	0.0036576826551
645	0.0037483679928	0.0037605183261
646	0.0036052526589	0.0036170153416
647	0.0035485393884	0.0035601170355
648	0.0034271788878	0.0034383605778
649	0.0032738917618	0.0032845733294
650	0.0034668011846	0.0034781864408
651	0.0034699034464	0.0034812988907
652	0.003447291519	0.0034586127039
653	0.003405608928	0.0034167932239
654	0.0034854324705	0.0034969545927
655	0.00378214612	0.0037946491165
656	0.00382088909	0.0038335201628
657	0.0037451983537	0.0037575792085
658	0.0035890272412	0.0036009707925
659	0.0035344856171	0.003546247665
660	0.003540184544	0.0035519655567
661	0.0036265741563	0.003638642656
662	0.0035287966745	0.0035405397908
663	0.0035646603284	0.0035766022725
664	0.0035994945568	0.0036115531988
665	0.0035331977975	0.0035450343392
666	0.0035725247179	0.0035844930085
667	0.0036435452541	0.0036558338058
668	0.0034339871099	0.0034455688868
669	0.0035156823695	0.0035275396793
670	0.0037214278632	0.003733979089
671	0.0035783534102	0.00359042209
672	0.0035662556497	0.0035783652113
673	0.0035144759692	0.003526409708
674	0.0034014760031	0.0034130260397
675	0.0036657511908	0.003678198599
676	0.0037843717979	0.0037973098589
677	0.0035247101261	0.0035367604523
678	0.0033761243641	0.0033876667032
679	0.0032921990405	0.0033034544547
680	0.0033815621045	0.0033931230343
681	0.0035447913034	0.0035569937192
682	0.003627397043	0.0036398838167
683	0.0036833857407	0.0036960652472
684	0.0037806886695	0.0037937031268
685	0.0037973522721	0.0038105147111
686	0.0037481184461	0.0037611102301
687	0.0035462713355	0.0035585634741
688	0.0032843477684	0.0032957320235
689	0.0035169902766	0.0035291809207
690	0.0036299466143	0.0036426166235
691	0.0034481620018	0.0034601975079
692	0.0033049274647	0.0033164630232
693	0.0035015404026	0.0035137622213
694	0.0035959634173	0.0036085148112
695	0.0036877216093	0.0037006837639
696	0.0037600329164	0.0037732492415
697	0.003606318166	0.0036189941916
698	0.0035272803911	0.0035396786029
699	0.0035063481615	0.0035186727976
700	0.0036198277245	0.0036326413141
701	0.0036631479879	0.003676114924
702	0.0035640560962	0.0035766722634
703	0.0036268804973	0.0036397190525
704	0.0034942212237	0.0035065901871
705	0.0035329981743	0.0035455935731
706	0.0036890559998	0.0037022077563
707	0.003592083074	0.0036048891149
708	0.0035340087514	0.0035466077531
709	0.0037008979848	0.0037140919588
710	0.0038290548666	0.0038428037614
711	0.0037936984346	0.0038073203758
712	0.0036207414637	0.0036337423725
713	0.0033630481149	0.0033751237305
714	0.00332722991	0.003339176914
715	0.0033932272189	0.0034054993285
716	0.0035796067084	0.003592552887
717	0.0036380373464	0.0036511948481
718	0.0036363310161	0.0036494823466
719	0.0035158582646	0.0035285738876
720	0.0036766035951	0.0036899974595
721	0.0035634213464	0.0035764028879
722	0.0035175541356	0.0035303685829
723	0.0034591347617	0.0034717363873
724	0.0033843627169	0.0033966919479
725	0.0035639535212	0.0035770322937
726	0.0035937161122	0.0036069041056
727	0.003613675369	0.0036269366075
728	0.0035615986308	0.0035746687615
729	0.0036709112568	0.0036843825361
730	0.0036913005988	0.0037049468582
731	0.003616474224	0.0036298438601
732	0.0036139914835	0.0036273519412
733	0.0035488890066	0.0035620087888
734	0.0034471753715	0.0034599191316
735	0.0034939227619	0.0035068393411
736	0.00342336876	0.0034361187809
737	0.0033899797835	0.0034026054503
738	0.0033982074862	0.0034108637963
739	0.0034455871202	0.0034584198914
740	0.0035468573381	0.0035600672808
741	0.0037214336164	0.0037353977691
742	0.0036221014507	0.0036356928735
743	0.0035802272066	0.0035936615023
744	0.0035167977035	0.0035299939889
745	0.0036345541602	0.00364819231
746	0.0038141857216	0.0038284979134
747	0.0038757703367	0.003890423585
748	0.0037654425949	0.0037796787236
749	0.0035982228087	0.0036118267242
750	0.0033713606361	0.0033841068466
751	0.0032557190212	0.0032680280217
752	0.0033673737305	0.0033802018674
753	0.0035481482735	0.0035616650778
754	0.0036051998541	0.0036189339985
755	0.0034991535294	0.0035124836863
756	0.0035191526473	0.0035325589917
757	0.00354523545	0.0035587411578
758	0.0037032392489	0.0037174551908
759	0.0036533822816	0.0036674068333
760	0.0035964613483	0.0036102673928
761	0.0035813438355	0.0035950918471
762	0.0033987309413	0.0034117779411
763	0.0034067387971	0.0034198165373
764	0.0036250358811	0.0036390592831
765	0.0036035786624	0.0036175190574
766	0.0036909375774	0.0037052159193
767	0.0035145036735	0.0035280994831
768	0.0034998380065	0.0035133770822
769	0.0034084876023	0.0034216732902
770	0.0034894727847	0.0035030770187
771	0.0035137717635	0.0035274707307
772	0.0036084195262	0.0036224874919
773	0.0036396524059	0.0036538421377
774	0.0035529998391	0.0035668517429
775	0.0033534916832	0.0033665657744
776	0.0034058019265	0.0034191843039
777	0.0035347954321	0.0035486846621
778	0.0036757891013	0.0036902323361
779	0.0037624549021	0.0037772386719
780	0.0038271382521	0.0038421761813
781	0.0037419522061	0.0037566554149
782	0.0036900068211	0.0037046207667
783	0.0037837417923	0.0037987269669
784	0.0037167885023	0.0037315085144
785	0.0036553774148	0.0036698542137
786	0.0034808953661	0.0034946811443
787	0.0034701170598	0.0034838601514
788	0.0035096003167	0.0035236107529
789	0.003470972869	0.0034848291032
790	0.0034994652716	0.0035134352484
791	0.0036342653317	0.0036487734346
792	0.0035924393732	0.0036067805056
793	0.0035027869988	0.003516770236
794	0.0034846808711	0.0034987037884
795	0.0035288997408	0.003543100602
796	0.0035073665622	0.0035214807703
797	0.0035439298967	0.0035581912416
798	0.0035456512511	0.0035599195231
799	0.0035290979091	0.0035432995678
800	0.0033660678839	0.0033796134834
801	0.0033925537804	0.0034063167326
802	0.0036274646907	0.0036421806322
803	0.0037106007935	0.0037256540026
804	0.0037154669542	0.0037305399043
805	0.0037214418848	0.0037365390741
806	0.0037263827627	0.0037414999962
807	0.0036163916138	0.0036311826432
808	0.0036894358838	0.003704525664
809	0.0036910087021	0.0037061049152
810	0.0035900501667	0.0036047334598
811	0.0034411805806	0.0034552549976
812	0.0033519019001	0.0033656111675
813	0.0034106339966	0.0034245834781
814	0.0035432029081	0.0035578141161
815	0.0036228541309	0.0036377937989
816	0.0036356272323	0.0036506195732
817	0.0034840098014	0.0034983769131
818	0.0035036789508	0.0035181271727
819	0.003532884784	0.0035474534429
820	0.0036355616605	0.0036506784062
821	0.0035278223405	0.0035424911037
822	0.0034299473307	0.0034442091275
823	0.0035787807714	0.0035936614209
824	0.0036226459822	0.0036377090242
825	0.0036084108312	0.0036234146832
826	0.0035243364141	0.0035389906828
827	0.0036289085053	0.0036441241213
828	0.0036040089654	0.0036191201804
829	0.003646483075	0.0036617723793
830	0.0035705475607	0.0035855184757
831	0.0035439980392	0.0035588576349
832	0.0033060277691	0.0033198895816
833	0.0033252982194	0.0033392408307
834	0.0034214248265	0.0034358918037
835	0.0036521313557	0.0036675738405
836	0.0037949250767	0.0038109713431
837	0.0037085295185	0.0037242104743
838	0.0036587776501	0.0036742482377
839	0.0035780416621	0.0035931708698
840	0.0035489836055	0.0035639899456
841	0.003445389699	0.003460082259
842	0.003414294382	0.0034288543388
843	0.0033679392961	0.0033823015757
844	0.0034177711072	0.0034323458902
845	0.0034439397587	0.0034586261356
846	0.0034380978597	0.0034527593243
847	0.0034562585259	0.0034709974351
848	0.0033878092005	0.0034023804901
849	0.0032081867265	0.0032219854428
850	0.0033466572945	0.0033610515858
851	0.0034485317682	0.0034633642313
852	0.0034345713801	0.0034493437983
853	0.0034746453414	0.0034895901215
854	0.0033568082523	0.0033712462039
855	0.0034890471204	0.0035041840553
856	0.0036163611391	0.0036320504152
857	0.0036165579128	0.0036322480425
858	0.0035236095754	0.0035388964566
859	0.0033208843989	0.0033352917741
860	0.0033650539725	0.0033796529737
861	0.0034068153763	0.0034215955557
862	0.0035053243324	0.0035205318846
863	0.0035039127147	0.0035192471981
864	0.0036286646581	0.0036445451045
865	0.0037025120833	0.0037187157147
866	0.0037170177202	0.0037332848339
867	0.0037558363178	0.0037722733168
868	0.0037051816025	0.0037213969167
869	0.003584024518	0.0035997096017
870	0.0036067816944	0.0036227057528
871	0.0037575986469	0.003774188567
872	0.0036946707824	0.003710982874
873	0.003718897312	0.0037353163645
874	0.0037136387129	0.0037300345485
875	0.0035984449349	0.0036143321862
876	0.0034203279601	0.0034354288192
877	0.0034931463288	0.0035085686834
878	0.0035568885888	0.0035727322689
879	0.0036115850902	0.0036276724086
880	0.0036547143909	0.0036709938229
881	0.0036011301329	0.003617170881
882	0.0035540546898	0.0035698857467
883	0.0035004826182	0.0035160750455
884	0.0034241367697	0.0034393891248
885	0.0033957783715	0.0034110403736
886	0.0034271944178	0.0034425976164
887	0.0034131132403	0.0034284531524
888	0.0036148961258	0.0036311429318
889	0.0037793609796	0.0037963469572
890	0.0038332604457	0.0038504886693
891	0.0037527206831	0.0037695869284
892	0.0036498446824	0.0036662485614
893	0.0036740130506	0.0036906753268
894	0.0036035078294	0.0036198503523
895	0.0033668609433	0.0033821302323
896	0.0033211243797	0.0033361862456
897	0.0033533233192	0.0033685312127
898	0.0034165843819	0.0034320791752
899	0.003522620605	0.0035385962906
900	0.0034881808695	0.0035040003651
901	0.0034858894992	0.0035018433102
902	0.0033433857408	0.0033586873573
903	0.0033685790263	0.0033839959445
904	0.0035113128526	0.0035273830183
905	0.0036097031231	0.0036262235898
906	0.0037729808593	0.0037902485965
907	0.0036821098937	0.0036989617433
908	0.0036425810239	0.0036592519623
909	0.0036631912223	0.0036799564871
910	0.0036198358869	0.0036365557721
911	0.0034500191946	0.0034659547029
912	0.0033698005404	0.0033853655218
913	0.0035270393976	0.0035433306594
914	0.0035696144754	0.0035861023898
915	0.0035481713524	0.0035645602218
916	0.0033672965146	0.00338284993
917	0.0032297835796	0.003244701828
918	0.0032773255932	0.0032926045832
919	0.0033907565187	0.0034065643271
920	0.0033615209719	0.0033771924833
921	0.0034252385317	0.0034412070963
922	0.0035344026061	0.0035508800969
923	0.0037075191541	0.0037248037194
924	0.0036857084973	0.0037028913807
925	0.0035320337883	0.0035485002356
926	0.0035141996021	0.0035307371034
927	0.0034478314453	0.003464056624
928	0.0035339956324	0.003550626292
929	0.0034914559378	0.0035078864095
930	0.0034677782432	0.0034840972898
931	0.003378829261	0.0033947297218
932	0.003394413105	0.003410386902
933	0.0034131893971	0.0034292515536
934	0.0033508575201	0.0033666263485
935	0.0035703651271	0.0035873265771
936	0.003628742152	0.0036459809291
937	0.0036715757073	0.0036890179704
938	0.0034624946288	0.003478943627
939	0.0033457845915	0.0033616791446
940	0.0034241605447	0.0034404274322
941	0.0035047520465	0.0035214017936
942	0.0033965736754	0.0034127095081
943	0.0033137472208	0.0033294895765
944	0.0032128122826	0.0032282215427
945	0.0033736731505	0.0033898539299
946	0.0035984468837	0.0036157057208
947	0.0037423835816	0.0037603327665
948	0.0036176079401	0.0036349586772
949	0.0035875662433	0.0036047728948
950	0.0037533697687	0.0037713716455
951	0.0037725783804	0.0037906723853
952	0.0037304830948	0.0037483752027
953	0.0034943161367	0.0035112378635
954	0.0034615312907	0.0034782942521
955	0.0034660523672	0.0034828372226
956	0.0033894334247	0.0034058472418
957	0.0034824539619	0.0034993182443
958	0.0035250168463	0.0035420872457
959	0.003544233498	0.0035613969567
960	0.0036063778511	0.0036238422527
961	0.003555779476	0.0035729988478
962	0.0035131847788	0.0035303642689
963	0.0033779345928	0.0033944527088
964	0.0032763336326	0.0032923549195
965	0.0032145643573	0.0032302835922
966	0.0033768900197	0.0033934030278
967	0.003473922395	0.0034909098919
968	0.0036135529063	0.003631223197
969	0.0035718889728	0.0035893555267
970	0.0035460236491	0.0035633637214
971	0.0036759580772	0.003694111067
972	0.003680108701	0.0036982821878
973	0.0035632936844	0.0035808903035
974	0.0034355635203	0.0034525293693
975	0.0033775048644	0.0033941840022
976	0.0032645300278	0.0032806512618
977	0.0032161080628	0.0032319901745
978	0.0032036350656	0.0032194555819
979	0.0032094323313	0.0032252814762
980	0.003237636134	0.0032536245578
981	0.003365111862	0.0033818955665
982	0.003532639968	0.0035502592293
983	0.0035759066296	0.0035937416861
984	0.0036142826222	0.0036323090813
985	0.0035491602199	0.003566861877
986	0.0035885435725	0.0036064416564
987	0.0035921044018	0.0036100202456
988	0.003651661191	0.003669874078
989	0.0037058984439	0.0037243818426
990	0.0036538667927	0.0036720906803
991	0.0034674016932	0.0034848698224
992	0.0034231072001	0.0034403521818
993	0.0033253675352	0.0033421201225
994	0.0033490976934	0.0033659698289
995	0.0033817700193	0.0033988067519
996	0.0034673176216	0.0034847853272
997	0.0034034465884	0.0034205925236
998	0.0034515154065	0.0034689035035
999	0.0033598541837	0.0033767805084
1000	0.003280055765	0.00329658008
1001	0.0032711576495	0.0032878048697
1002	0.0031815434374	0.0031977346027
1003	0.0032704291836	0.0032870726966
1004	0.0033103497313	0.0033271964036
1005	0.0033096312778	0.0033264742939
1006	0.0033138579281	0.003330722454
1007	0.0032484609174	0.0032649926319
1008	0.0034913505204	0.0035091183222
1009	0.0036268067618	0.0036452639129
1010	0.0035733258524	0.0035915108343
1011	0.0034055953784	0.0034231049817
1012	0.0033386109609	0.003355776169
1013	0.0033695903169	0.0033869148029
1014	0.0033886483773	0.0034060708488
1015	0.0034845776803	0.0035024933649
1016	0.0034651356204	0.0034829513451
1017	0.0035713906267	0.0035897526533
1018	0.0036701084	0.0036889779763
1019	0.0036331912453	0.0036518710149
1020	0.0036125440151	0.0036311176286
1021	0.0036207184399	0.0036395274935
1022	0.0036341856269	0.0036530646403
1023	0.0034281430368	0.0034459516918
1024	0.0033948210037	0.0034124565562
1025	0.0033928383659	0.0034104636189
1026	0.0033467018158	0.0033640873967
1027	0.0033621627846	0.0033796286828
1028	0.0034073010556	0.0034250014399
1029	0.003587032878	0.0036056669404
1030	0.0036683193643	0.0036873756971
1031	0.0035295034132	0.0035480311174
1032	0.0034819084443	0.0035001863045
1033	0.0034115152196	0.003429423559
1034	0.0034178815001	0.0034358232586
1035	0.0034754188663	0.0034936626603
1036	0.0034994325475	0.0035178023983
1037	0.003365422987	0.0033830893708
1038	0.003431260852	0.0034492728438
1039	0.0034989364062	0.0035173036527
1040	0.0034790880242	0.0034973510789
1041	0.003437090148	0.00345513274
1042	0.0033992033982	0.003417236434
1043	0.0034638310484	0.0034822069389
1044	0.003519254345	0.0035379242603
1045	0.0036062420467	0.0036253734385
1046	0.0036755787117	0.0036950779398
1047	0.0037758649657	0.0037958962201
1048	0.0036546148803	0.0036740028937
1049	0.0035634155307	0.0035823197245
1050	0.0035014581014	0.0035200336062
1051	0.0036054901616	0.0036246175646
1052	0.0035089002594	0.0035275152456
1053	0.0034563671534	0.003474900086
1054	0.0033707525081	0.0033888263777
1055	0.0032964841639	0.0033141598089
1056	0.0031546457419	0.0031715608538
1057	0.0031600513549	0.0031769954514
1058	0.0033356072853	0.0033534927073
1059	0.0033963071441	0.0034145180368
1060	0.003409344671	0.0034276254705
1061	0.0033789336978	0.0033970514347
1062	0.0033625738388	0.0033806038546
1063	0.0034600788518	0.0034786316864
1064	0.0033905091652	0.0034088860432
1065	0.0033842394893	0.0034025823851
1066	0.0034100091942	0.0034284917642
1067	0.0033365526791	0.003354637108
1068	0.003266486675	0.0032841913395
1069	0.0032996503182	0.0033175347328
1070	0.0033869549825	0.0034053125966
1071	0.0035660341923	0.0035853624325
1072	0.0035454051998	0.0035646216289
1073	0.003490198267	0.0035091154693
1074	0.0035799183696	0.0035993218633
1075	0.0037449715745	0.0037652696721
1076	0.0037881101363	0.0038088670596
1077	0.0037595874568	0.0037801880902
1078	0.0036917257826	0.0037119545684
1079	0.0036188612604	0.0036386907856
1080	0.0036310066086	0.0036509026841
1081	0.0034684886426	0.003487494202
1082	0.0033034718276	0.0033215731786
1083	0.0031354448633	0.0031526255118
1084	0.0030766547543	0.0030935132627
1085	0.0029939025759	0.0030103076443
1086	0.0030436697777	0.0030603475452
1087	0.0032560549707	0.0032740941945
1088	0.0032469072642	0.0032648958077
1089	0.0032531304964	0.003271153518
1090	0.0031965577137	0.0032142673103
1091	0.0032596587584	0.0032777179479
1092	0.0033778834824	0.0033965976615
1093	0.0034252937702	0.0034442706122
1094	0.0033318812022	0.0033503405191
1095	0.0032374913278	0.0032554277051
1096	0.0031265109343	0.0031438324571
1097	0.0031014068375	0.0031185892784
1098	0.0032247967464	0.003242662793
1099	0.0033893331448	0.0034083211541
1100	0.0033487611171	0.0033675218304
1101	0.0033134665752	0.0033320295584
1102	0.0032770444662	0.0032954034024
1103	0.0031512942029	0.0031689486503
1104	0.0030856597846	0.0031029465293
1105	0.0032045645264	0.0032225174093
1106	0.003279378922	0.0032977509364
1107	0.0032765786622	0.0032949349888
1108	0.003254175117	0.0032724059326
1109	0.0032480106965	0.0032662069772
1110	0.0033701935501	0.003389074334
1111	0.0034982999119	0.0035178983841
1112	0.0035153182793	0.0035352352562
1113	0.0034792129109	0.0034989253231
1114	0.0034391072733	0.0034585924563
1115	0.0033118263065	0.003330590345
1116	0.0032563074306	0.0032747569121
1117	0.0032049866322	0.003223145342
1118	0.003265831506	0.0032843349487
1119	0.0033281423548	0.0033469988364
1120	0.0033430197161	0.0033619604893
1121	0.0032899877412	0.0033086280475
1122	0.003241976153	0.0032603444368
1123	0.0032090895001	0.0032272714558
1124	0.003186164902	0.0032044238761
1125	0.0031565070687	0.0031745960825
1126	0.0031227097386	0.0031406050699
1127	0.003279921485	0.0032987177505
1128	0.0032625621573	0.0032812589416
1129	0.0032012012036	0.0032195463464
1130	0.0032367578655	0.003255306773
1131	0.0033864400235	0.0034058467154
1132	0.0035034712855	0.0035235486492
1133	0.0035422630843	0.0035625627524
1134	0.0035399192025	0.0035602054385
1135	0.0034981891091	0.0035182362022
1136	0.0035740264812	0.003594508176
1137	0.0036005921517	0.0036214653245
1138	0.0034848983553	0.0035051008339
1139	0.0034799176419	0.0035000912465
1140	0.0035464052688	0.0035669643121
1141	0.0036234254387	0.0036444309796
1142	0.0035691910688	0.0035898822049
1143	0.0035018202452	0.0035221208225
1144	0.0034858223525	0.0035060301876
1145	0.0035198433706	0.0035402484306
1146	0.0035734771126	0.0035941930955
1147	0.0036515993689	0.0036727682383
1148	0.0037645048527	0.0037863282521
1149	0.0037575882224	0.003779371525
1150	0.0036349896975	0.003656309468
1151	0.0035328426514	0.0035535633138
1152	0.003507476881	0.0035280487693
1153	0.0034905364762	0.0035110090064
1154	0.0034239822446	0.0034440644241
1155	0.0034358441791	0.0034559959306
1156	0.0034881865026	0.0035086452499
1157	0.0034985407227	0.003519060199
1158	0.0035923210508	0.0036133905631
1159	0.0035781489621	0.003599135353
1160	0.0035640317688	0.0035849353601
1161	0.0035280494212	0.0035487419706
1162	0.0034928503061	0.0035133364074
1163	0.0034863611159	0.0035070518679
1164	0.0034982415295	0.0035190027891
1165	0.0034988883851	0.0035196534836
1166	0.0035211899879	0.0035420874413
1167	0.0034714110209	0.0034920130476
1168	0.0033778291055	0.003397875745
1169	0.0034732784091	0.0034938915183
1170	0.0035948660522	0.0036162007561
1171	0.0036209503212	0.0036424398293
1172	0.0036283401981	0.0036498735634
1173	0.0035467812537	0.0035678305854
1174	0.00342289773	0.0034432118415
1175	0.0034140112239	0.003434272596
1176	0.0033922719464	0.0034124043009
1177	0.0034429561287	0.0034636347298
1178	0.0034965847112	0.0035175854088
1179	0.0034972085188	0.0035182129631
1180	0.0034023671383	0.0034228019595
1181	0.0034128503191	0.0034333481029
1182	0.003344970111	0.0033650602022
1183	0.0033466384269	0.0033667385381
1184	0.003326571714	0.0033465513034
1185	0.0033683651623	0.0033885957656
1186	0.0035136742786	0.0035347776172
1187	0.0035712799932	0.0035927293152
1188	0.0035197582037	0.0035408980827
1189	0.0034899644916	0.0035109254278
1190	0.0035729234442	0.0035943826368
1191	0.0037070240366	0.0037295593447
1192	0.0038017410974	0.0038248521984
1193	0.0038241843376	0.003847431873
1194	0.0037756109742	0.003798563228
1195	0.0037148478362	0.0037374307058
1196	0.0036069782613	0.0036289053828
1197	0.0036186992856	0.0036406976601
1198	0.0035978576038	0.00361972928
1199	0.003456003571	0.0034770129048
1200	0.003422133426	0.0034429368603
1201	0.0034792566242	0.0035004073152
1202	0.0034839401204	0.0035051192827
1203	0.0035660878007	0.0035877663457
1204	0.0035837764205	0.0036055624961
1205	0.0034910094214	0.003512492759
1206	0.0034170598227	0.0034380880816
1207	0.0035131637364	0.0035347834096
1208	0.003602567122	0.0036247369751
1209	0.003602641556	0.0036248118671
1210	0.0035694927657	0.0035914590824
1211	0.0035233323387	0.0035450145885
1212	0.0034971234883	0.0035186444514
1213	0.0034003527772	0.0034212782226
1214	0.0032787957063	0.0032989731011
1215	0.0031883593433	0.0032079802014
1216	0.0031584838221	0.0031779208291
1217	0.0032941243756	0.0033143961015
1218	0.0032808332299	0.0033010231634
1219	0.0033446993872	0.003365282347
1220	0.0034760770275	0.0034977350378
1221	0.0035754164607	0.0035976934143
1222	0.0035371838503	0.0035592225922
1223	0.0035256941951	0.0035476613496
1224	0.0034773082302	0.0034989739117
1225	0.0034400373373	0.0034614707991
1226	0.0034515084586	0.0034730133922
1227	0.0034419639946	0.0034634094606
1228	0.0035696965155	0.0035919378305
1229	0.0036440170606	0.0036667214364
1230	0.0036404006031	0.0036630824462
1231	0.0036255219101	0.0036481110502
1232	0.0036120400862	0.0036345452266
1233	0.0035220334134	0.0035439777591
1234	0.0035241445817	0.0035461020812
1235	0.0035932131924	0.0036158835321
1236	0.0035515198827	0.0035739271705
1237	0.0035500952032	0.0035724935024
1238	0.0035137895897	0.0035359588291
1239	0.0034700603528	0.0034919536952
1240	0.0034535160252	0.003475304986
1241	0.0033261663394	0.0033471518241
1242	0.0033048514707	0.0033257024755
1243	0.0032914748835	0.0033122414926
1244	0.0033725972839	0.0033938757113
1245	0.0032589913354	0.0032795529989
1246	0.003209297148	0.0032295452804
1247	0.0032867257578	0.0033074624036
1248	0.0033093620475	0.0033302415105
1249	0.0033382658438	0.0033593276669
1250	0.0033786753265	0.0033999921015
1251	0.0034864976928	0.00350877586
1252	0.0034955115991	0.0035178473637
1253	0.003483208047	0.0035054651938
1254	0.0034821148802	0.003504365042
1255	0.0035452816293	0.0035679354165
1256	0.0034460261277	0.003468045688
1257	0.0033646196715	0.0033861190575
1258	0.0033373213445	0.0033586462985
1259	0.0031884994118	0.0032088734172
1260	0.0031963544427	0.0032167786406
1261	0.003176276737	0.0031965726415
1262	0.0032937789616	0.0033148256867
1263	0.0034035240038	0.0034252719823
1264	0.0033132377811	0.0033344088449
1265	0.0033672534668	0.0033887696823
1266	0.0033839925429	0.0034058956359
1267	0.0033402407597	0.0033618606667
1268	0.0034408655496	0.0034631367565
1269	0.0035332464955	0.0035561156436
1270	0.003599086816	0.0036223821195
1271	0.0035714815817	0.0035945982087
1272	0.0035906444319	0.0036138850915
1273	0.0035781757303	0.0036013356855
1274	0.003422339595	0.0034444908916
1275	0.0033602129651	0.0033819621434
1276	0.0033543512478	0.0033760624858
1277	0.0032563363908	0.0032774132218
1278	0.0031552081071	0.0031756303793
1279	0.0031216080589	0.0031418128527
1280	0.0031931901896	0.0032138583031
1281	0.0032463113948	0.0032673233384
1282	0.0032721373263	0.0032933164297
1283	0.0033761307498	0.0033982695493
1284	0.0034668043709	0.0034895377579
1285	0.0035135361663	0.0035365759946
1286	0.0034400214549	0.0034625792143
1287	0.0033419435087	0.0033638581272
1288	0.0032497424227	0.0032710524374
1289	0.0032310239916	0.0032522112612
1290	0.003308724791	0.0033304215794
1291	0.0032906761556	0.0033122545911
1292	0.0033456966414	0.0033676358709
1293	0.003485255806	0.0035081101873
1294	0.003391065176	0.0034133019072
1295	0.0033108796139	0.0033325905326
1296	0.0032617443649	0.0032831330817
1297	0.0033275780678	0.0033493984856
1298	0.0033496572491	0.00337162245
1299	0.0034212912025	0.0034440242845
1300	0.0034301233281	0.003452915096
1301	0.0033741733029	0.0033965933057
1302	0.0034129903016	0.0034356682275
1303	0.0034313609655	0.003454160957
1304	0.0034901346874	0.0035133252063
1305	0.0035543681079	0.0035779854316
1306	0.00358240269	0.003606206292
1307	0.0036105196589	0.0036345100866
1308	0.0035444169805	0.003567968183
1309	0.0036611881712	0.0036855152706
1310	0.0036789572289	0.0037034023963
1311	0.0036834268746	0.0037079017411
1312	0.0036252733987	0.003649361859
1313	0.0034517362617	0.0034746716387
1314	0.0034288895967	0.0034516731669
1315	0.0034209232199	0.0034436538568
1316	0.0035622064893	0.0035861946829
1317	0.003577915514	0.0036020094934
1318	0.0036082009352	0.0036324988591
1319	0.0036356137041	0.0036600962279
1320	0.0036190820573	0.0036434532556
1321	0.0035833169125	0.0036074472654
1322	0.0035739339011	0.003598001068
1323	0.0034524361166	0.0034756851073
1324	0.0032552661409	0.0032771873727
1325	0.0031751739131	0.0031965557972
1326	0.0031658536917	0.0031871728126
1327	0.0032309993387	0.0032527571558
1328	0.0032930962681	0.0033152722511
1329	0.0033237193023	0.0033461015034
1330	0.0033192876741	0.0033416400322
1331	0.0033455736685	0.0033681030387
1332	0.0035151507536	0.0035388220699
1333	0.0035600796014	0.0035840534723
1334	0.0036585116661	0.0036834847319
1335	0.0036123522286	0.0036370102093
1336	0.0035562416501	0.0035805166189
1337	0.0035057571541	0.0035296875149
1338	0.003507179439	0.0035311195083
1339	0.0036111704674	0.0036358203813
1340	0.0037419136875	0.003767456057
1341	0.0037120857574	0.0037374245209
1342	0.0036312751211	0.0036560622698
1343	0.0035419915229	0.0035661692202
1344	0.0035602353382	0.003584537568
1345	0.0035833187643	0.003607778562
1346	0.003515597035	0.003539594563
1347	0.0035309524897	0.0035550548343
1348	0.0035019755459	0.0035258800934
1349	0.0035510374989	0.0035752769441
1350	0.003567703184	0.0035920563895
1351	0.0036310546848	0.0036558403287
1352	0.0037221300602	0.0037478890531
1353	0.0035821585592	0.0036069488796
1354	0.0035801393518	0.0036049156983
1355	0.0035916420813	0.0036164980324
1356	0.0035201560736	0.003544517306
1357	0.0034312750842	0.0034550212159
1358	0.0034751763561	0.0034992263064
1359	0.0034191232503	0.0034427852852
1360	0.0033303760182	0.0033534238781
1361	0.0033071788606	0.0033300661847
1362	0.0033857894458	0.0034092207942
1363	0.0034373824174	0.0034611708148
1364	0.0034636670127	0.0034876373127
1365	0.0033439467195	0.0033670884954
1366	0.0032497138469	0.0032722034844
1367	0.0032443660833	0.0032668187116
1368	0.0032650015678	0.0032875970039
1369	0.003332322885	0.0033553842182
1370	0.0034567582664	0.0034810165167
1371	0.0034326660467	0.0034567552267
1372	0.0034497562271	0.0034739653397
1373	0.0034198973473	0.0034438969213
1374	0.0032234021952	0.003246022839
1375	0.0031547657563	0.0031769047349
1376	0.0031184494606	0.003140333585
1377	0.0031711349292	0.0031933887807
1378	0.0033042871382	0.0033274754026
1379	0.0033332033623	0.0033565945501
1380	0.0033020966163	0.0033252695085
1381	0.003233279937	0.0032559698992
1382	0.0032400232008	0.0032627604847
1383	0.003275681477	0.0032986689975
1384	0.0032835658247	0.0033066086746
1385	0.0033102126998	0.0033334425476
1386	0.0034720774229	0.0034964431774
1387	0.0034403871879	0.0034645305521
1388	0.003415464861	0.0034394333295
1389	0.0035329501231	0.0035580959929
1390	0.00363484542	0.0036607165323
1391	0.0036351167707	0.0036609898144
1392	0.0036083851475	0.0036340679282
1393	0.0034966160822	0.0035215033435
1394	0.0034431434131	0.0034676500812
1395	0.0033607001032	0.0033846199787
1396	0.003304558451	0.0033280787368
1397	0.0032899027657	0.0033133187392
1398	0.0033814370184	0.0034055044895
1399	0.003392315705	0.0034164606055
1400	0.0034970554097	0.0035219457979
1401	0.0036138926072	0.0036396145874
1402	0.0036018942435	0.0036275308249
1403	0.0036028835299	0.0036285271526
1404	0.0035940048054	0.0036195852336
1405	0.0034269260522	0.0034513172927
1406	0.003370725835	0.0033947170689
1407	0.0032228711352	0.0032458100093
1408	0.0032060038109	0.0032288226313
1409	0.0032173376371	0.0032405678134
1410	0.0033304105899	0.003354457188
1411	0.0034632148829	0.0034882203692
1412	0.0034810917705	0.0035062263335
1413	0.0033915144064	0.003416002193
1414	0.0032333340877	0.0032566797634
1415	0.0031760409352	0.0031989729365
1416	0.0031484704082	0.0031712033417
1417	0.0031677934948	0.003190665947
1418	0.0032151630682	0.0032383775435
1419	0.003195966894	0.0032190427669
1420	0.0032487123501	0.0032721690616
1421	0.0032277601851	0.0032510656155
1422	0.0031334466725	0.00315607113
1423	0.0030848238463	0.0031070972319
1424	0.0030840162845	0.0031062838392
1425	0.003105740874	0.003128165287
1426	0.003188207269	0.003211227115
1427	0.0032909213271	0.0033146828004
1428	0.0033214865007	0.0033454686641
1429	0.0034527344316	0.0034780295275
1430	0.0034591895056	0.003484531892
1431	0.0034750291935	0.0035004876231
1432	0.003578998412	0.0036052185312
1433	0.0035417223248	0.0035676693554
1434	0.0035913796837	0.0036176905094
1435	0.0036238397206	0.0036503883519
1436	0.0037265782213	0.0037538795256
1437	0.0036896462938	0.0037166770309
1438	0.0036184919239	0.0036450013767
1439	0.0036706709415	0.0036975626632
1440	0.0036825988542	0.003709577961
1441	0.0036576151317	0.0036844112051
1442	0.0035285841379	0.0035544349167
1443	0.0033897105155	0.0034145438916
1444	0.0032992839011	0.0033234548022
1445	0.0032504739822	0.0032742872967
1446	0.0032208035782	0.0032443995242
1447	0.0031410999991	0.0031641120284
1448	0.0032152996155	0.003238855239
1449	0.0032911567434	0.0033152681041
1450	0.0033635765738	0.0033885849224
1451	0.0034042458422	0.0034295565687
1452	0.0034451389815	0.0034707537504
1453	0.0035087065387	0.0035347939353
1454	0.0035573207413	0.0035837695868
1455	0.0035321385085	0.0035584001229
1456	0.0034939341937	0.0035199117573
1457	0.0035744289601	0.003601005006
1458	0.0035786422553	0.0036052496273
1459	0.0034889733644	0.003514914044
1460	0.0034941209202	0.0035200998721
1461	0.0033466466873	0.0033715291614
1462	0.003329671456	0.0033544277184
1463	0.0033596073552	0.0033845861924
1464	0.0033199899471	0.0033446742271
1465	0.0032650504319	0.0032893262341
1466	0.0031944885587	0.00321823973
1467	0.0031269815653	0.003150230819
1468	0.0031209330726	0.0031441373554
1469	0.0031071027131	0.0031302041666
1470	0.0031662690788	0.0031898104369
1471	0.00320729297	0.0032314992981
1472	0.0033255779504	0.0033506770079
1473	0.0035135336117	0.0035400512227
1474	0.0035828471114	0.0036098878506
1475	0.0036529107519	0.0036804802808
1476	0.0036444774684	0.003671983349
1477	0.0036216557342	0.0036489893728
1478	0.0035757854949	0.0036027729381
1479	0.0035169241869	0.0035434673876
1480	0.003505036223	0.0035314897018
1481	0.0036501873176	0.003677736292
1482	0.0036363589343	0.003663803542
1483	0.003599001479	0.0036261641397
1484	0.0035069287411	0.0035333965034
1485	0.0035966437992	0.0036237886658
1486	0.0035842841237	0.0036113357084
1487	0.0034966283195	0.0035230183416
1488	0.0034637191663	0.0034898608139
1489	0.0033919948185	0.0034175951425
1490	0.0033418054225	0.0033670269533
1491	0.003281517008	0.0033062835254
1492	0.0033087940711	0.0033337664561
1493	0.0034625069359	0.0034890399441
1494	0.003436458569	0.0034627919699
1495	0.003416003424	0.0034421800783
1496	0.0034424567957	0.0034688361607
1497	0.0034395595151	0.0034659166784
1498	0.003417239161	0.0034434252847
1499	0.0033386962293	0.0033642804826
1500	0.0031886273756	0.0032130616592
1501	0.0031413133066	0.0031653850249
1502	0.0031717453554	0.0031960502729
1503	0.0032855814553	0.0033107586928
1504	0.0034549502016	0.0034814253029
1505	0.0035452481056	0.003572415155
1506	0.0035208512	0.0035478312973
1507	0.0034707182157	0.0034973141465
1508	0.0035140229729	0.0035409507457
1509	0.0035916011065	0.0036191233566
1510	0.0035703891142	0.0035977488179
1511	0.0035320468019	0.0035591126904
1512	0.0035553293484	0.0035825736499
1513	0.0035055362905	0.0035323990304
1514	0.0035379079633	0.0035650187656
1515	0.0036107373129	0.0036384062027
1516	0.003680624507	0.0037092679313
1517	0.0035542944581	0.0035819547543
1518	0.003478300164	0.003505369056
1519	0.003434185908	0.0034609114932
1520	0.0034470535912	0.0034738793156
1521	0.0035138220934	0.0035411674248
1522	0.0035203139568	0.0035477098093
1523	0.0034359845616	0.0034627241443
1524	0.0033584145464	0.0033845504624
1525	0.0033495302159	0.003375596992
1526	0.0033706812836	0.003396912662
1527	0.0034015796089	0.0034280514448
1528	0.0034902191256	0.0035173807736
1529	0.0035667322763	0.0035944893663
1530	0.0035813233932	0.0036091940345
1531	0.0037390974374	0.0037681959108
1532	0.00383538038	0.0038652281483
1533	0.0038251134599	0.0038548813287
1534	0.0037936206805	0.0038231434657
1535	0.0038109529275	0.003840610596
1536	0.0038401893096	0.003870074502
1537	0.0037605556879	0.0037898211541
1538	0.0036876097645	0.0037163075496
1539	0.0036532776215	0.0036821577359
1540	0.0035974690116	0.0036259079444
1541	0.0035313094527	0.0035592253768
1542	0.0035264699366	0.0035543476031
1543	0.0035899241616	0.0036183034503
1544	0.0037021695576	0.0037314361755
1545	0.0038094741357	0.0038395890243
1546	0.0038520264547	0.0038824777306
1547	0.0037804567319	0.0038103422304
1548	0.0037259770119	0.003755431834
1549	0.0037249770705	0.0037544239878
1550	0.0035842938089	0.0036126285882
1551	0.003491944201	0.0035195489326
1552	0.0035326739205	0.0035606006311
1553	0.003612727143	0.0036412866953
1554	0.003627301487	0.0036559762533
1555	0.0036496938408	0.0036785456245
1556	0.0037197765935	0.0037491823997
1557	0.0037009650576	0.0037302221537
1558	0.0036641766586	0.0036931429327
1559	0.0036940052116	0.0037232072882
1560	0.0036358146345	0.0036645566995
1561	0.0035197290608	0.0035475534389
1562	0.0034406374666	0.003467836605
1563	0.0033552516045	0.0033822018496
1564	0.0032879675684	0.0033143773707
1565	0.0032971470285	0.0033236305626
1566	0.0032237000963	0.0032495936858
1567	0.0031796735687	0.0032052135257
1568	0.003313930412	0.0033405487545
1569	0.003383100426	0.0034102743599
1570	0.0034718531016	0.0034997399199
1571	0.0033574702575	0.0033844383233
1572	0.003308039691	0.0033346107178
1573	0.0031621365361	0.0031875356312
1574	0.0031200202895	0.003145081096
1575	0.0030137371875	0.0030379443008
1576	0.0030299914233	0.0030543290948
1577	0.0030371469936	0.0030615421404
1578	0.0030245551279	0.0030488491337
1579	0.0029815604297	0.0030055090909
1580	0.0029916457776	0.003015675447
1581	0.0030513113043	0.0030758202226
1582	0.0030716130831	0.0030962850705
1583	0.0031643427005	0.0031897595161
1584	0.0033567136333	0.0033836756217
1585	0.0034532547413	0.0034809921727
1586	0.0034882099747	0.0035162281756
1587	0.0034460193537	0.0034736986687
1588	0.0035191642829	0.0035478926313
1589	0.0035085111548	0.0035371525374
1590	0.0034987465841	0.0035273082546
1591	0.0034701178726	0.0034984458355
1592	0.003407558474	0.0034353757394
1593	0.0034506851774	0.0034788545034
1594	0.003548587237	0.0035775557767
1595	0.0035950719108	0.0036244199235
1596	0.0036942170175	0.0037243743915
1597	0.0037094707094	0.0037397526054
1598	0.0036216215958	0.0036511863443
1599	0.0034966096462	0.0035251538721
1600	0.0034980206699	0.0035265764145
1601	0.0035143320935	0.0035430209948
1602	0.0035949975363	0.0036243449419
1603	0.0037038605078	0.0037340966055
1604	0.0038524944179	0.0038839438737
1605	0.0038407096943	0.0038720629467
1606	0.0037920642887	0.0038230204292
1607	0.0037668573727	0.0037976077391
1608	0.0037123511635	0.0037426565738
1609	0.0036788549011	0.0037088868679
1610	0.0035908286612	0.0036201420347
1611	0.0035675617539	0.0035966851902
1612	0.0036351475705	0.0036648227369
1613	0.0036923332034	0.0037229754981
1614	0.0035968649706	0.0036267149842
1615	0.00357171261	0.0036013538868
1616	0.0035459953279	0.0035754231796
1617	0.0035146446243	0.0035438122997
1618	0.0035063367796	0.0035354355091
1619	0.0034861406178	0.0035150717414
1620	0.0034477478463	0.0034763603523
1621	0.0034354975266	0.0034640083684
1622	0.0033481410589	0.0033759269383
1623	0.0032879796122	0.0033152662179
1624	0.0032354938972	0.0032623449294
1625	0.0032075919833	0.0032342114604
1626	0.0030939529309	0.0031196293291
1627	0.0031008310021	0.0031265644807
1628	0.0030639079531	0.0030893350111
1629	0.0030749660776	0.0031004849059
1630	0.0031253382519	0.0031512751137
1631	0.0031904187913	0.0032168957498
1632	0.0031399376831	0.003165995704
1633	0.0030824282877	0.0031080090441
1634	0.0030895548337	0.0031151947326
1635	0.0030719778069	0.0030974718358
1636	0.0031322669389	0.0031582613011
1637	0.0032129914795	0.0032396557664
1638	0.0033044426447	0.0033318658754
1639	0.0034341044024	0.0034626036828
1640	0.0035388954101	0.0035687600359
1641	0.0034117814984	0.0034405734139
1642	0.0033373571598	0.0033655210106
1643	0.0032001717717	0.0032271779194
1644	0.0031537442807	0.0031803586283
1645	0.0031822543031	0.0032091092459
1646	0.0033229310622	0.0033509731717
1647	0.0033263426434	0.0033544135432
1648	0.0034406578782	0.0034696934806
1649	0.0035065720766	0.0035361639267
1650	0.0035226582893	0.0035523858905
1651	0.0034726823231	0.0035019881788
1652	0.0034014370932	0.0034301417126
1653	0.0032947405286	0.0033225447391
1654	0.00320871848	0.0032357967531
1655	0.0032117183907	0.00323882198
1656	0.0032074427553	0.0032345102627
1657	0.0033007477861	0.0033286026916
1658	0.0034362956916	0.0034652944816
1659	0.0034072476337	0.0034360012881
1660	0.0033838618328	0.0034124181351
1661	0.0033900053263	0.0034186134734
1662	0.0033813615828	0.0034098967856
1663	0.0033350803627	0.0033632249998
1664	0.0032506633419	0.0032780955864
1665	0.0032121428861	0.0032392500577
1666	0.0032414211538	0.0032687754038
1667	0.003352740616	0.0033815200333
1668	0.0034843732533	0.0035142825852
1669	0.0035443013905	0.0035747251364
1670	0.0036300661833	0.0036612261212
1671	0.0036499907778	0.0036813217454
1672	0.0036942306097	0.0037259413254
1673	0.0037302745791	0.0037622946907
1674	0.0036824566036	0.0037140662529
1675	0.0036533038827	0.0036846632894
1676	0.0035798272392	0.0036105559337
1677	0.0035204912902	0.0035507106539
1678	0.003485665227	0.003515585649
1679	0.0034925810455	0.0035225608318
1680	0.0034817628039	0.0035116497281
1681	0.0034683033766	0.0034980747671
1682	0.0033873411689	0.003416417592
1683	0.0033944974151	0.0034236352664
1684	0.0033523754217	0.0033811517042
1685	0.0033840241008	0.0034130720507
1686	0.0034699009329	0.0034996860366
1687	0.0035319032891	0.0035622206116
1688	0.0035129124611	0.0035430667692
1689	0.0034769504732	0.0035067960891
1690	0.0035403562686	0.0035707461502
1691	0.0035277099479	0.0035579912753
1692	0.0034995563019	0.0035295959627
1693	0.003476571019	0.0035064133777
1694	0.0035199197514	0.003550134209
1695	0.0035893251769	0.0036206735903
1696	0.0035939813471	0.0036253704265
1697	0.0035952135593	0.0036266134005
1698	0.0035480720599	0.0035790601771
1699	0.0036032237406	0.003634693541
1700	0.0035521386886	0.003583162323
1701	0.0035153130023	0.0035460150088
1702	0.0035036873516	0.0035342878222
1703	0.0034895301789	0.0035200070036
1704	0.0034398009464	0.0034698434464
1705	0.0034614413307	0.0034916728334
1706	0.0034488269467	0.003478948278
1707	0.0034064623278	0.0034362136554
1708	0.0034442290811	0.0034743102555
1709	0.0035001722465	0.0035307420168
1710	0.0035138577594	0.0035445470561
1711	0.003586239469	0.0036175609324
1712	0.0035482161726	0.0035792055485
1713	0.0034744303325	0.0035047752784
1714	0.0034666115793	0.0034968882378
1715	0.0034264083337	0.0034563338655
1716	0.003458332797	0.0034885371504
1717	0.0034393654464	0.0034694041429
1718	0.0033659422786	0.0033953397125
1719	0.0032762526442	0.0033048667477
1720	0.0033216353612	0.0033506458278
1721	0.0033872801944	0.0034168639892
1722	0.0033854729848	0.0034150409958
1723	0.0034917475405	0.0035222437312
1724	0.0035060909573	0.0035367124204
1725	0.0035426773476	0.0035741684322
1726	0.0034400306155	0.0034706092668
1727	0.0034236915484	0.0034541249606
1728	0.0034226802434	0.0034531046661
1729	0.003477958993	0.003508874792
1730	0.0034963385736	0.00352741775
1731	0.0034066021101	0.0034368836132
1732	0.0034142443716	0.0034445938073
1733	0.0034753115465	0.0035062038122
1734	0.0034889447902	0.0035199582427
1735	0.0034784671753	0.0035093874916
1736	0.0035421124995	0.0035735985632
1737	0.0035212509866	0.003552551611
1738	0.0035071325739	0.0035383076988
1739	0.0034957495521	0.0035268234926
1740	0.003452970053	0.0034836637238
1741	0.0034385280015	0.003469093296
1742	0.0034710616603	0.0035019161485
1743	0.0034874836217	0.0035184840857
1744	0.0034343668744	0.0034648951803
1745	0.003523380113	0.0035546996632
1746	0.0036900804414	0.0037228818015
1747	0.003744845565	0.0037781337357
1748	0.0037276859428	0.0037608215806
1749	0.0036805933933	0.0037133104224
1750	0.0036580038928	0.0036905201224
1751	0.0036594884052	0.0036920178307
1752	0.0035820809813	0.0036139223274
1753	0.0036017967491	0.0036338133498
1754	0.003633051429	0.0036653458546
1755	0.0037395495474	0.0037733923145
1756	0.003769838447	0.0038039553275
1757	0.0038077769085	0.0038422371304
1758	0.0038414121615	0.0038761767811
1759	0.0038842495879	0.0039194018844
1760	0.0038509039998	0.0038857545201
1761	0.0039208974284	0.0039563813863
1762	0.0038605413024	0.0038954790398
1763	0.0038252513445	0.0038598697093
1764	0.0037986562453	0.0038330339256
1765	0.0037402808011	0.0037741301861
1766	0.0036773776493	0.0037106577633
1767	0.0036791834642	0.0037124799208
1768	0.0036086312396	0.0036412892015
1769	0.0035842822924	0.0036167198974
1770	0.0035752288869	0.0036075845589
1771	0.0035834937232	0.0036159241917
1772	0.0035346013297	0.003566589324
1773	0.0034411193835	0.0034722613701
1774	0.0033581461183	0.0033885372003
1775	0.0033508156595	0.0033811404012
1776	0.003430932753	0.0034619825511
1777	0.0035184897266	0.0035503319117
1778	0.0036311136893	0.0036639751165
1779	0.0037015915947	0.003735090844
1780	0.0036480353538	0.0036810499213
1781	0.0035713184589	0.0036036387418
1782	0.0035810839998	0.0036134926604
1783	0.0035261772773	0.0035580890343
1784	0.0034691230536	0.0035005184722
1785	0.0034322583916	0.0034633201866
1786	0.0035463346926	0.0035790204959
1787	0.0036601497518	0.0036938845641
1788	0.0036735936834	0.0037074524055
1789	0.0037123473919	0.0037465632985
1790	0.0036380759386	0.0036716073012
1791	0.0036495889253	0.0036832264006
1792	0.0036648643517	0.0036986426174
1793	0.0036638574718	0.0036976264572
1794	0.0035646756197	0.0035975304674
1795	0.0035159682179	0.00354837414
1796	0.0035472660488	0.0035799604363
1797	0.0036156570133	0.0036489817455
1798	0.0036196564392	0.0036530180332
1799	0.0036612978792	0.0036950432735
1800	0.0036869953014	0.0037209775432
1801	0.0037196303694	0.0037539134017
1802	0.0037820693708	0.0038169278899
1803	0.0036895812614	0.0037235873375
1804	0.0035796607995	0.0036126537624
1805	0.0035642536578	0.0035971046164
1806	0.0034573429176	0.0034892085029
1807	0.0034610985749	0.0034929987753
1808	0.0034124986522	0.0034439509176
1809	0.003455041373	0.0034868857454
1810	0.0035386915698	0.0035713069281
1811	0.0036465880033	0.0036801978198
1812	0.0036837731362	0.00371772568
1813	0.0036693884371	0.0037032084003
1814	0.0036732217744	0.0037070770687
1815	0.0036835571734	0.0037175077268
1816	0.0036764296944	0.0037103145553
1817	0.0036603413243	0.0036940779022
1818	0.0035727613317	0.0036056907036
1819	0.0035603114688	0.0035937423568
1820	0.003552604153	0.0035859626703
1821	0.0035589925945	0.0035924110985
1822	0.0035724281122	0.003605972774
1823	0.0035762440717	0.0036098245649
1824	0.0035839578204	0.0036176107449
1825	0.0037056271878	0.0037404225727
1826	0.0037049635667	0.0037397527202
1827	0.0037312916654	0.0037663280366
1828	0.0037533781247	0.003788621885
1829	0.0037299590337	0.0037649828916
1830	0.0037869162949	0.0038224749745
1831	0.0037744618403	0.0038099035741
1832	0.003604627232	0.0036384742396
1833	0.0034931635744	0.003525963952
1834	0.0035001004508	0.0035329659648
1835	0.0034720347974	0.0035046367784
1836	0.0035321826605	0.0035653494225
1837	0.0036188770192	0.0036528578306
1838	0.0035589986811	0.0035924172422
1839	0.0034355246609	0.0034677838161
1840	0.0033334165773	0.0033647169502
1841	0.0033144469651	0.0033455692157
1842	0.0033945072089	0.0034263812153
1843	0.0034481191068	0.0034804965224
1844	0.0034854443493	0.0035181722443
1845	0.0035707300609	0.0036042587783
1846	0.0036388102497	0.0036729782317
1847	0.0036586689142	0.0036930233666
1848	0.0036341402149	0.0036682643459
1849	0.0035358781211	0.0035690795831
1850	0.0034464440466	0.0034788057335
1851	0.0034498308074	0.0034822242957
1852	0.003414057354	0.0034467285037
1853	0.0033785029637	0.0034108338722
1854	0.0033655413451	0.0033977482162
1855	0.0034801073768	0.0035134105985
1856	0.0035540622275	0.0035880731673
1857	0.00357408323	0.0036082857627
1858	0.0035591844139	0.003593244371
1859	0.0035572079941	0.0035912490376
1860	0.0036019559049	0.0036364251678
1861	0.0035205351523	0.0035542252516
1862	0.0035658891566	0.0036000132753
1863	0.0036288740585	0.0036636009173
1864	0.0036447227188	0.0036796012428
1865	0.0036678892577	0.0037029894762
1866	0.0036767392763	0.0037119241859
1867	0.0036278538047	0.0036625709001
1868	0.0035381941522	0.0035720532409
1869	0.0035298966852	0.0035636763705
1870	0.0036316466108	0.0036664000018
1871	0.0037059554337	0.0037414199301
1872	0.0036762413219	0.0037114214662
1873	0.0036528660794	0.0036878225321
1874	0.0036277124481	0.0036624281908
1875	0.0035100144146	0.0035436038346
1876	0.0033881553184	0.0034205785961
1877	0.003381203652	0.0034135604051
1878	0.0033295328936	0.0033613951783
1879	0.003361862592	0.0033940342589
1880	0.0034112944433	0.003443939153
1881	0.0034410537393	0.0034739832336
1882	0.0034109357345	0.0034435770116
1883	0.0032848196292	0.0033162540261
1884	0.0032605931044	0.0032917956632
1885	0.0032461296325	0.0032771937817
1886	0.0032305131121	0.0032614278176
1887	0.0032169690005	0.0032483548071
1888	0.0031863564286	0.003217443569
1889	0.0031967278717	0.0032279161993
1890	0.0032607857713	0.0032925990688
1891	0.0033882500473	0.0034213069281
1892	0.0035117392367	0.0035460009186
1893	0.003673316618	0.0037091547019
1894	0.0037307255194	0.0037671237035
1895	0.0037493360364	0.0037859157908
1896	0.0036244414326	0.0036598026742
1897	0.0035785936389	0.0036135075744
1898	0.0035303778971	0.0035648214239
1899	0.0035346043612	0.0035690891228
1900	0.0035393286552	0.0035738595086
1901	0.0036148490302	0.0036501166852
1902	0.0036607257018	0.0036964409446
1903	0.003625248113	0.0036606172249
1904	0.0035191747172	0.0035535089421
1905	0.0034003966655	0.0034335720527
1906	0.0033514789796	0.0033841771098
1907	0.0033025064421	0.0033347267801
1908	0.0032684368564	0.0033003248004
1909	0.0032906969348	0.0033228020554
1910	0.0032437762915	0.0032754236389
1911	0.0032699110548	0.0033018133815
1912	0.0032888474215	0.0033209344977
1913	0.003355635102	0.0033883737807
1914	0.0034383083108	0.0034718535765
1915	0.003481837603	0.0035158075548
1916	0.0034723129177	0.0035061899435
1917	0.003431696752	0.0034651775132
1918	0.0034098050221	0.0034430722003
1919	0.0034346719316	0.0034681817196
1920	0.0034377994627	0.0034713397639
1921	0.0032666167947	0.0032984869816
1922	0.0032456040827	0.0032772692626
1923	0.0031785414217	0.0032095523162
1924	0.0030794429393	0.0031100849173
1925	0.0029877316019	0.0030174610068
1926	0.0029221661359	0.002951243132
1927	0.0028880231944	0.0029167604514
1928	0.0027957274293	0.0028235462979
1929	0.0027476839162	0.0027750247281
1930	0.0028364986481	0.0028647232104
1931	0.0029819388133	0.0030116105771
1932	0.0030827151311	0.003113389669
1933	0.0031494900158	0.0031808289968
1934	0.0032076669588	0.0032395848291
1935	0.0032753516902	0.003307943057
1936	0.0032867126625	0.0033194170766
1937	0.0033517296838	0.0033850810494
1938	0.0033312029189	0.003364350033
1939	0.0034022039154	0.0034360575245
1940	0.003485776377	0.0035204615733
1941	0.0034948520394	0.003529627543
1942	0.0035341627913	0.0035693294564
1943	0.0035244418241	0.0035595117607
1944	0.0035406769811	0.0035759084656
1945	0.0034548277112	0.003489204953
1946	0.003408422171	0.0034423376548
1947	0.0033347863958	0.0033679691673
1948	0.0033272246667	0.0033603321952
1949	0.0033497266771	0.0033830581118
1950	0.0033722182847	0.003405773522
1951	0.0033311919861	0.0033643389914
1952	0.0033703706956	0.0034039075485
1953	0.0033246099478	0.0033576914586
1954	0.0032879307326	0.003320647267
1955	0.0033283915126	0.0033615106518
1956	0.0033757354893	0.0034093257245
1957	0.0034756465801	0.00351023098
1958	0.0034222406955	0.0034562936804
1959	0.0034438805258	0.0034781488377
1960	0.0034599965166	0.0034944251906
1961	0.0034523709944	0.0034874213447
1962	0.0034693682366	0.0035045911522
1963	0.0035353808083	0.0035712739194
1964	0.0035769619431	0.0036132772086
1965	0.0036264700497	0.0036632879485
1966	0.0036542371988	0.0036913370048
1967	0.0036270756577	0.0036638997049
1968	0.0036016446054	0.0036382104628
1969	0.003518660798	0.0035543841585
1970	0.0035021080399	0.0035376633478
1971	0.003482976125	0.0035183371953
1972	0.0034406283163	0.0034755594485
1973	0.0033993533836	0.0034338654702
1974	0.0034411326571	0.0034760689097
1975	0.0034460155301	0.0034810013563
1976	0.0034155217769	0.0034501980139
1977	0.0034604945185	0.0034956273433
1978	0.0034903296435	0.0035257653707
1979	0.0035413798457	0.0035773338623
1980	0.0035685124764	0.0036047419583
1981	0.0035341360755	0.0035700165494
1982	0.0034331216556	0.0034679765761
1983	0.0034210066852	0.003455738608
1984	0.0034056942012	0.0034402706633
1985	0.003358587264	0.0033926854708
1986	0.0033624298892	0.0033965671085
1987	0.0033699319753	0.0034041453599
1988	0.0034131194355	0.0034477712826
1989	0.0034768793995	0.0035121785725
1990	0.0035380206562	0.0035739405685
1991	0.0035790096048	0.0036153456593
1992	0.0036248594891	0.0036616610366
1993	0.003639803635	0.0036767569035
1994	0.0036220889759	0.0036588623956
1995	0.0037211780897	0.003758957516
1996	0.0037620519595	0.0038002463596
1997	0.0037706741353	0.0038089560724
1998	0.003631222766	0.0036680889169
1999	0.0034689572182	0.0035041759609
2000	0.0033261614442	0.0033599304465
# beta		E		error		E^2		error		M		error		M^2		error		tau_int(E)		error
#0.42		-1.2816384375	0.0037528504244	1.6756736084	0.0095868252137	0.54273757813	0.006652961655	0.35190217224	0.0062232119324	21.289852498	1.5263502847	
