# 2d Ising Model MC	
# L	16
# beta	0.45
# n_thermalisation	1000
# n_measurements	100000
# Metropolis sweeps per MC update	0
# Cluster updates per MC update	1
# Acceptance during thermalisation: -nan%
# Average of maximum cluster size during thermalisation: 76.5625%
# Acceptance during measurements: -nan%
# Average of maximum cluster size during thermalisation: 76.954132813%
# k 		 tau_run[k] 		 error
0	0.5	0.0022360679775
1	1.2117046002	0.0093858234738
2	1.7210975157	0.017210975157
3	2.0873088581	0.024697371473
4	2.3502215356	0.031531530695
5	2.5378325265	0.037642139487
6	2.6711779122	0.043071449639
7	2.766899109	0.047924098362
8	2.8356864902	0.052287475326
9	2.8846168314	0.056231534038
10	2.9202111916	0.059846520612
11	2.9464867012	0.063195099375
12	2.9659020701	0.066319586433
13	2.9767097386	0.069172483465
14	2.9826269268	0.071831168466
15	2.9868180164	0.074371168843
16	2.988733883	0.076781963687
17	2.98848827	0.079067967584
18	2.9870603899	0.081256827603
19	2.9852354887	0.083373089902
20	2.984809687	0.085471942014
21	2.9842969884	0.087516767096
22	2.9826740756	0.089480222269
23	2.9834710727	0.091471490985
24	2.9864797135	0.09349160314
25	2.98864286	0.095449598572
26	2.9869133092	0.097246851793
27	2.9874065443	0.099081066037
28	2.9900363063	0.10095524508
29	2.992469885	0.10279471628
30	2.9927271277	0.10453146467
31	2.9930517928	0.10624279921
32	2.9916671653	0.10786609364
33	2.9905536766	0.10947223909
34	2.9913340935	0.11112312959
35	2.9908386491	0.11270343593
36	2.9910128623	0.114286441
37	2.9897410171	0.11579217169
38	2.98505921	0.11714218229
39	2.9805863311	0.11847596341
40	2.9771917496	0.11982965641
41	2.9692556239	0.12097667161
42	2.9611305575	0.1220905406
43	2.9555177881	0.12328442152
44	2.9516875026	0.12453183216
45	2.950759398	0.12588369817
46	2.9491321332	0.12718933694
47	2.945567718	0.12839432014
48	2.9415148228	0.12956028843
49	2.9358875484	0.13063874877
50	2.9296602792	0.13167185307
51	2.9242155753	0.13272202404
52	2.9214720285	0.13387866712
53	2.9175263446	0.13496515972
54	2.9107117448	0.13590249975
55	2.9004187514	0.13665867053
56	2.8922378649	0.13749541847
57	2.8853720473	0.13837758221
58	2.8765509734	0.13914897224
59	2.8666557117	0.13985049741
60	2.8597421119	0.14068071073
61	2.8549527825	0.14160105318
62	2.8507947631	0.14253973816
63	2.8483591525	0.14355278001
64	2.8458221601	0.14454983818
65	2.842311631	0.14548638001
66	2.8408113507	0.14651537901
67	2.8400644801	0.14757407929
68	2.8402018471	0.14867039214
69	2.8395452525	0.14971702619
70	2.8341529611	0.15050392978
71	2.8265756985	0.15116235085
72	2.818342266	0.15177237585
73	2.8112253857	0.15242960742
74	2.8099496244	0.15339339731
75	2.8124357568	0.15455607577
76	2.8147257988	0.15570293782
77	2.8160947652	0.15679352076
78	2.8174819427	0.15787958108
79	2.8205228188	0.15905348072
80	2.8225608172	0.1601663373
81	2.8268247584	0.16140154454
82	2.8308244562	0.1626184843
83	2.8336103175	0.16376208481
84	2.8344046174	0.16478595641
85	2.8325954641	0.16565235271
86	2.831429413	0.16654967464
87	2.8285386559	0.16733860358
88	2.8222994975	0.16792089079
89	2.8143486323	0.16839120655
90	2.8100070129	0.16906810661
91	2.810523957	0.17003089243
92	2.8112976479	0.17100455994
93	2.8124123019	0.17199459135
94	2.8178581225	0.17324672068
95	2.8234919796	0.17450916476
96	2.8262977756	0.17559476698
97	2.8266431099	0.17652380563
98	2.8274889262	0.17747983799
99	2.8305633781	0.17857243452
100	2.8357304381	0.17979514958
101	2.8410450513	0.18102607589
102	2.8464021098	0.18225866339
103	2.8514596412	0.18347098799
104	2.8565711315	0.18468566341
105	2.8610959048	0.18586115909
106	2.862755662	0.18684827031
107	2.862252361	0.18769043898
108	2.8574732571	0.18824655594
109	2.8499967342	0.18861725389
110	2.8425932976	0.18898435919
111	2.8330689575	0.18920149984
112	2.8230126827	0.1893734478
113	2.8143942267	0.18963253803
114	2.8062800597	0.18991695976
115	2.7976297799	0.190156524
116	2.7897031973	0.19043683653
117	2.7835718191	0.19083206947
118	2.7784841048	0.19129212316
119	2.7757331981	0.19190737631
120	2.7756506721	0.19270293374
121	2.7760986193	0.19353210696
122	2.7772918982	0.19441043287
123	2.7804978399	0.19542766205
124	2.7850757685	0.19654033235
125	2.7930724115	0.19789465013
126	2.8011022145	0.1992527001
127	2.80660136	0.2004314274
128	2.8087609249	0.20137072523
129	2.8109220805	0.20230829356
130	2.8143994192	0.20333914074
131	2.8190650845	0.20445511249
132	2.8217475451	0.20542632208
133	2.8239745809	0.20636279993
134	2.8226520059	0.20703724347
135	2.8206202426	0.20765589363
136	2.8133884319	0.20788637137
137	2.8048939447	0.20801650229
138	2.7981698706	0.20827107486
139	2.7913496144	0.20851213465
140	2.7868381247	0.20891994409
141	2.7866723793	0.20964964368
142	2.7906876596	0.21069229791
143	2.7967957337	0.21189304141
144	2.8044803467	0.21321429569
145	2.8142471685	0.21469588974
146	2.8250662892	0.21626062354
147	2.8346416752	0.2177329585
148	2.8426992286	0.21909079646
149	2.8496812015	0.22036715736
150	2.8565793415	0.22163816033
151	2.861764382	0.2227769153
152	2.8661475684	0.22385328118
153	2.8694856297	0.22484759141
154	2.8722328884	0.22579477521
155	2.8736082773	0.2266327968
156	2.8741356648	0.22740207877
157	2.8732078945	0.22805380662
158	2.8732630631	0.22878103417
159	2.874339704	0.22958760272
160	2.8772640105	0.2305404983
161	2.8819052476	0.23163061315
162	2.8879123434	0.23283093667
163	2.892579696	0.23392369082
164	2.8955524266	0.23487910287
165	2.8988003813	0.235856204
166	2.8995438626	0.23662836202
167	2.899056887	0.23729803326
168	2.8968607117	0.23782503099
169	2.8929311024	0.23820613229
170	2.8892811742	0.23860634882
171	2.8876937701	0.23917357426
172	2.8866170617	0.23978042168
173	2.8865238494	0.24046666783
174	2.8858923886	0.2411059034
175	2.8847593557	0.24170083267
176	2.8834453671	0.24227805457
177	2.8832097689	0.2429435734
178	2.8829513413	0.24360512358
179	2.8846081752	0.24442692947
180	2.8858054988	0.24520857608
181	2.884911817	0.2458107393
182	2.882534472	0.24628385325
183	2.8791263938	0.24666569873
184	2.8723111391	0.24675142157
185	2.8640697893	0.24670931584
186	2.8559069111	0.24666836839
187	2.8462373425	0.24649138438
188	2.8358541287	0.24624621325
189	2.8273845981	0.24616113785
190	2.8209148239	0.24624502144
191	2.815988255	0.24645930754
192	2.8087975126	0.24647098145
193	2.8023820001	0.24654591728
194	2.7957447701	0.24659673359
195	2.788155545	0.24655872465
196	2.7794036446	0.24641259122
197	2.7717953163	0.24636255656
198	2.7670386577	0.24656162169
199	2.7653268	0.24702898178
200	2.765786567	0.24768850232
201	2.7657922092	0.24830591766
202	2.7613167535	0.24851850782
203	2.753769687	0.24845046702
204	2.7441632776	0.24819132646
205	2.7348580907	0.24795376372
206	2.7257073282	0.24772466253
207	2.7175913156	0.24758435176
208	2.7121095144	0.24767960568
209	2.7078729577	0.24788502679
210	2.7050049526	0.24821276377
211	2.701551716	0.24848402155
212	2.6985343368	0.24879257288
213	2.6936520459	0.24892609723
214	2.6882942741	0.24901210006
215	2.6795346185	0.24877859183
216	2.6705358821	0.24851772177
217	2.6598492091	0.24809421797
218	2.6514736239	0.24788087902
219	2.6450271351	0.24784341796
220	2.6397103835	0.24790801805
221	2.6355988575	0.24808252387
222	2.6325378663	0.2483531256
223	2.6294087341	0.24861473247
224	2.6272360781	0.24896440971
225	2.6264559293	0.24944418645
226	2.625820641	0.24993619664
227	2.6242654843	0.25033897204
228	2.6225111731	0.25072084628
229	2.621468767	0.25116899529
230	2.6208135641	0.25165269651
231	2.6219914491	0.25231133667
232	2.6263709613	0.2532780432
233	2.6336318557	0.25452386226
234	2.6407084518	0.25575367011
235	2.6472067805	0.25692911322
236	2.6510609869	0.25784890229
237	2.6544703536	0.25872576631
238	2.6565033006	0.25946844386
239	2.6573194398	0.26009171551
240	2.6560159754	0.26050629299
241	2.6527797247	0.26072924843
242	2.6513053447	0.26112329329
243	2.6511512334	0.26164592846
244	2.6492089057	0.26199055429
245	2.6502133277	0.26262530971
246	2.6516264944	0.26329996853
247	2.6504726057	0.26371869451
248	2.6476808274	0.26397258345
249	2.6440962016	0.2641450782
250	2.6385174146	0.26411546141
251	2.6310112267	0.26388924562
252	2.6236773834	0.26367631374
253	2.6159305485	0.26341784168
254	2.6068917888	0.26302491755
255	2.5996130429	0.26280532164
256	2.593240169	0.26267359656
257	2.5882767013	0.26268139581
258	2.58750503	0.26311249453
259	2.5888284737	0.26375576042
260	2.5924626339	0.26463444095
261	2.5968398973	0.26558957086
262	2.5980742399	0.26622338822
263	2.5984519459	0.26676877537
264	2.5956938807	0.26699080643
265	2.5913370163	0.26704604919
266	2.5862178525	0.2670199484
267	2.5823312127	0.26711841768
268	2.5752755608	0.26688603346
269	2.5653183092	0.26634873669
270	2.5534109081	0.26560383396
271	2.5457236232	0.2652932287
272	2.5429380778	0.26549052966
273	2.5424869261	0.26593003417
274	2.5426317078	0.26643092256
275	2.5411840971	0.26676381895
276	2.53730713	0.26683979808
277	2.5339585003	0.26696909384
278	2.5317946689	0.26722130248
279	2.5295413407	0.26746236675
280	2.5287200745	0.2678534131
281	2.5282867542	0.26828446441
282	2.5270761855	0.26863188331
283	2.5274294351	0.26914453531
284	2.525592421	0.26942283187
285	2.5225827965	0.26957429714
286	2.5188053944	0.26964161742
287	2.515254098	0.26973095214
288	2.5106119005	0.269700957
289	2.5055561543	0.26962392108
290	2.5003100744	0.26952368438
291	2.492395081	0.26913250932
292	2.4825134104	0.2685248818
293	2.4749337282	0.26816223876
294	2.4718846579	0.26828775245
295	2.4710851147	0.26865593728
296	2.4712509615	0.26912819323
297	2.4734831393	0.26982515488
298	2.4745879255	0.27039898241
299	2.4727009531	0.27064499818
300	2.4666439358	0.270432384
301	2.4607557347	0.27023535031
302	2.4557600351	0.27013360386
303	2.4507591478	0.27002873118
304	2.4453046928	0.269871253
305	2.4409923242	0.26983732117
306	2.4354034443	0.26965976456
307	2.4259614218	0.26905213712
308	2.4130038651	0.26804986782
309	2.3954502604	0.26653084726
310	2.3757411185	0.26476459659
311	2.3594068649	0.2633673051
312	2.346075629	0.26229922934
313	2.3348234449	0.26145852923
314	2.3242763877	0.26069223222
315	2.312289029	0.25975971317
316	2.3002127306	0.25881226623
317	2.2883332896	0.25788206491
318	2.2779277866	0.25711337327
319	2.2667578487	0.25625394208
320	2.2552482719	0.25535147527
321	2.2442524549	0.25450258228
322	2.2337489491	0.25370511099
323	2.224763393	0.25307600376
324	2.2154188847	0.25240223699
325	2.2081213015	0.25195815499
326	2.2025803894	0.25171167326
327	2.1981793353	0.25159312453
328	2.1924746572	0.25132301707
329	2.1871143777	0.25108987513
330	2.1808946762	0.25075547252
331	2.173641363	0.2502993097
332	2.1662980887	0.24982968307
333	2.1582967874	0.24928094312
334	2.150349445	0.24873511333
335	2.1446266527	0.24844368194
336	2.1377871467	0.24802016468
337	2.1296776289	0.24744617969
338	2.1220068469	0.24691991173
339	2.1164917192	0.24664167357
340	2.1119534021	0.24647500582
341	2.1077005229	0.24633961194
342	2.1049072825	0.24637308082
343	2.1028316113	0.24648918189
344	2.101075083	0.24664151603
345	2.1005380793	0.24693609756
346	2.0998755525	0.24721520155
347	2.1013843718	0.24774956361
348	2.1036231095	0.24837010449
349	2.1024450142	0.24858689633
350	2.0992808358	0.24856761652
351	2.0946378224	0.2483714093
352	2.0868766796	0.24780287587
353	2.0827587661	0.24766445216
354	2.0830434222	0.24804840488
355	2.0872151358	0.24889548222
356	2.0911777598	0.24971849806
357	2.0952849658	0.25055963953
358	2.0955186948	0.25093781685
359	2.0927294671	0.25095308134
360	2.0883377263	0.25077449491
361	2.0834348496	0.25053249922
362	2.0774911188	0.25016305794
363	2.0720098938	0.24984693615
364	2.0654677589	0.24940042097
365	2.0588520976	0.24894237898
366	2.0521971722	0.24847692852
367	2.0472448783	0.24821525013
368	2.0430781207	0.24804684916
369	2.038539969	0.2478314672
370	2.0330570646	0.24749912653
371	2.0271704537	0.24711532109
372	2.0229969664	0.2469382498
373	2.0188434543	0.24676180754
374	2.0172185812	0.24689305104
375	2.0169034846	0.24718384451
376	2.0157883909	0.24737592188
377	2.0130022595	0.24736185895
378	2.0073317061	0.24699154227
379	2.0003714564	0.24646005138
380	1.9927833564	0.24584841548
381	1.9870368867	0.24546139389
382	1.9803817836	0.24495969818
383	1.9692076992	0.24389573446
384	1.959190929	0.242971273
385	1.9492670225	0.24205470143
386	1.9403404469	0.24125853235
387	1.9286835828	0.24011916962
388	1.9147883579	0.23869662888
389	1.9007803304	0.23725515415
390	1.8893762446	0.23613424003
391	1.8779207312	0.23500285323
392	1.8631535855	0.23345247514
393	1.8478572909	0.23183061742
394	1.8289155627	0.2297455747
395	1.8092530398	0.22756347161
396	1.7904508917	0.22548310427
397	1.7728805247	0.22355172811
398	1.7554769312	0.22163548033
399	1.7383496761	0.21974830227
400	1.7211540015	0.21784670063
401	1.7052066356	0.21609752082
402	1.6905606895	0.21450810396
403	1.6753267265	0.21283903541
404	1.661085266	0.21129109054
405	1.6457399053	0.20959775413
406	1.6327963483	0.20820554474
407	1.6214667496	0.20701501647
408	1.6126479624	0.20614157897
409	1.6064887349	0.20560545515
410	1.5993205944	0.20493781713
411	1.5931274074	0.20439272064
412	1.5875422247	0.20392349105
413	1.5816941913	0.20341841794
414	1.576406065	0.20298332404
415	1.5703116277	0.20244234357
416	1.562108729	0.20162703224
417	1.5512660721	0.20046775631
418	1.5395589791	0.19919299328
419	1.5273742698	0.19785245726
420	1.5172287788	0.19677234784
421	1.5066798599	0.19563644756
422	1.4934037166	0.19414248315
423	1.4773603299	0.19228399476
424	1.4612473166	0.19041123488
425	1.4450280932	0.18851940844
426	1.4274037591	0.18643882172
427	1.4050629485	0.18373582205
428	1.3811458087	0.18081936453
429	1.3593508039	0.17817350691
430	1.3397629859	0.17581039463
431	1.3201985786	0.17344415007
432	1.3030003201	0.17138293419
433	1.2878000539	0.16957935751
434	1.2735269228	0.16789316516
435	1.260973415	0.16642938402
436	1.2500191019	0.16517289065
437	1.2393577477	0.16395161929
438	1.227627591	0.16258535934
439	1.2171587423	0.16138258147
440	1.207873299	0.16033352211
441	1.1998681982	0.15945160401
442	1.193388568	0.15877002253
443	1.1892840932	0.15840264091
444	1.1846028365	0.15795691625
445	1.1820132594	0.15778880903
446	1.1824849179	0.15802883464
447	1.1843816745	0.15845946839
448	1.1838659736	0.15856734614
449	1.1824219547	0.15855039511
450	1.1770107716	0.15800027058
451	1.1657963771	0.15666845996
452	1.1551297262	0.15540681062
453	1.1456815786	0.15430591405
454	1.1419921907	0.15397849607
455	1.1421399061	0.15416773514
456	1.1438120709	0.15456283038
457	1.1437103184	0.15471826411
458	1.1433169312	0.15483398825
459	1.1408775716	0.15467203374
460	1.1353121902	0.15408491175
461	1.1294198905	0.15345155026
462	1.1199358255	0.15232774102
463	1.110528375	0.15121139659
464	1.1004638261	0.15000254449
465	1.0868741793	0.14830954746
466	1.0713453394	0.1463474988
467	1.0572505114	0.144576833
468	1.0446854251	0.1430112916
469	1.0334094094	0.14161857025
470	1.0241216365	0.14049515607
471	1.0149218062	0.13938095245
472	1.0075365864	0.13851338017
473	0.9985658451	0.13742530032
474	0.98993114579	0.13638075569
475	0.98059152943	0.13523633535
476	0.97352028915	0.13440222401
477	0.96975466989	0.13402276183
478	0.96528404073	0.13354452653
479	0.9561191266	0.1324147325
480	0.94365882933	0.13082528798
481	0.92991468544	0.12905393394
482	0.91683518523	0.12737081458
483	0.90023959368	0.12519481557
484	0.88411458602	0.12307942026
485	0.8708507189	0.12135797677
486	0.85736030603	0.11960099445
487	0.84647838457	0.11820427354
488	0.83823522411	0.11717317187
489	0.82882493146	0.11597627351
490	0.81657348558	0.11437859979
491	0.80292342853	0.11258120354
492	0.78918350326	0.11076718312
493	0.77677573163	0.10913629921
494	0.76858881901	0.10809539826
495	0.76415358637	0.10758023306
496	0.75909672454	0.10697609475
497	0.75523515314	0.10653902908
498	0.75412571453	0.10648938694
499	0.75260634831	0.10638137987
500	0.75045950326	0.10618405299
501	0.74803541551	0.10594674642
502	0.74703586872	0.10591061345
503	0.74565787102	0.10582038558
504	0.74342527953	0.1056082645
505	0.73923093207	0.10511645514
506	0.73508376532	0.10463007865
507	0.73262929488	0.10438360685
508	0.73190995392	0.104383806
509	0.72912217054	0.10408841465
510	0.72625900378	0.10378136977
511	0.72372835061	0.1035209861
512	0.72326904248	0.10355636731
513	0.72337864806	0.10367305711
514	0.7193355719	0.10319394665
515	0.7150358661	0.10267676025
516	0.70996596859	0.10204757536
517	0.70657911083	0.1016590312
518	0.70433554661	0.10143410068
519	0.70057730676	0.1009901081
520	0.69760218919	0.10065797691
521	0.69833492567	0.10086045312
522	0.70038347392	0.10125326425
523	0.70131521554	0.10148494017
524	0.70141381207	0.10159610438
525	0.70353296384	0.10200014916
526	0.70462732487	0.10225596797
527	0.70469708088	0.10236316373
528	0.70060282727	0.10186485634
529	0.6960891752	0.10130429488
530	0.68880029451	0.10033813256
531	0.67866840355	0.098955345738
532	0.66512172233	0.097071319593
533	0.65007940005	0.094965008559
534	0.63338154629	0.092612425065
535	0.61380706999	0.089834182429
536	0.59516130725	0.087186561042
537	0.57663682078	0.084551555255
538	0.55806406358	0.081904338407
539	0.53967674309	0.079279229942
540	0.52314182362	0.076921418915
541	0.508269238	0.074803695178
542	0.49718992987	0.073240650135
543	0.48788456319	0.071936093053
544	0.48028999888	0.070881431703
545	0.4724465116	0.069787882271
546	0.46639869303	0.068957642181
547	0.45974233734	0.068035652909
548	0.45430922041	0.06729299576
549	0.45111058873	0.066880092527
550	0.45125555436	0.066962431923
551	0.45461263948	0.067521838709
552	0.45884300577	0.06821191668
553	0.46460952062	0.069131648521
554	0.47035543452	0.070049806049
555	0.47586180346	0.07093374241
556	0.48096752997	0.071759323898
557	0.48766214472	0.07282348792
558	0.49355016995	0.073768829105
559	0.49897255664	0.074646027642
560	0.50154032661	0.075097185809
561	0.50004613084	0.07494021715
562	0.49532043382	0.074298065072
563	0.48869129161	0.073368823647
564	0.48587529714	0.07301074635
565	0.48571097004	0.073050671537
566	0.48890193956	0.073595576724
567	0.49446630029	0.074498859939
568	0.50047719635	0.075470899181
569	0.50735570962	0.076575424324
570	0.5152571808	0.077836244394
571	0.52224927577	0.078961603556
572	0.5278098901	0.079872129771
573	0.5329729261	0.080723847843
574	0.53612694468	0.081272318022
575	0.53661372102	0.081416875734
576	0.53145392664	0.080704039229
577	0.52206763353	0.079347410689
578	0.50957723153	0.077516060376
579	0.49574977895	0.07547780209
580	0.47999836099	0.073142678818
581	0.46795080446	0.071368250942
582	0.45758387354	0.069847146906
583	0.45001160143	0.068750226928
584	0.4471313172	0.068368703209
585	0.44583314306	0.068228495687
586	0.44473544757	0.068118605725
587	0.44674467074	0.068484661199
588	0.44514987213	0.068298235261
589	0.4424627797	0.067943613999
590	0.43777929766	0.067281422785
591	0.43272729983	0.066561279983
592	0.42837160806	0.065946970816
593	0.4237802711	0.065295175238
594	0.4200507017	0.064775032519
595	0.41638094083	0.064263107251
596	0.41389365687	0.06393283903
597	0.41078585794	0.063505952508
598	0.40768503498	0.063079296767
599	0.40488311335	0.062698081666
600	0.40283506575	0.062432937514
601	0.39719701697	0.061610366134
602	0.38989805132	0.060528454625
603	0.38035691795	0.059096253982
604	0.36916406002	0.057404714576
605	0.35733220965	0.055610811728
606	0.34404863701	0.053587715121
607	0.32995308946	0.051434596355
608	0.31714438398	0.049478589688
609	0.30887594692	0.048228187477
610	0.30328601135	0.047394201357
611	0.29791651751	0.046593229008
612	0.29343070422	0.045929170093
613	0.28873710122	0.045231383443
614	0.28223522589	0.044248867158
615	0.27619139949	0.043336534089
616	0.27259357423	0.042806739545
617	0.27138288221	0.042651167842
618	0.27173359438	0.042740852586
619	0.27134271312	0.042713859439
620	0.27006381151	0.04254683718
621	0.26693912555	0.042088436763
622	0.26169929281	0.041295451862
623	0.25430123017	0.040160275706
624	0.24539898413	0.038785462767
625	0.23478456715	0.037137545693
626	0.22520230038	0.0356503137
627	0.21582366921	0.034192899708
628	0.20658172767	0.032754769067
629	0.19738009582	0.031320682592
630	0.19011768121	0.030192220173
631	0.18270597338	0.029038181772
632	0.17839422033	0.028375337805
633	0.17571211737	0.02797080834
634	0.17206613432	0.027412030776
635	0.16704196745	0.026632587937
636	0.16048130483	0.025606701947
637	0.15280662111	0.024401260584
638	0.14608785646	0.023346649491
639	0.14261733055	0.022809857564
640	0.1397420882	0.022367466288
641	0.13586814642	0.021764363795
642	0.13257639611	0.021253613121
643	0.12926023794	0.020738112319
644	0.12800613966	0.020552859673
645	0.13113929039	0.021072251853
646	0.13865216916	0.022296717358
647	0.15015591357	0.024165307324
648	0.16192327571	0.026079200119
649	0.17279816062	0.027852147639
650	0.17994571686	0.029026532615
651	0.18317299887	0.02956981867
652	0.18143412649	0.029311580184
653	0.17522158449	0.028329596891
654	0.16490464358	0.02668195862
655	0.15462086279	0.025037123754
656	0.14264570981	0.023115648148
657	0.12947399069	0.020997152787
658	0.11481563711	0.018634121606
659	0.098478817717	0.015994851843
660	0.080863908499	0.013143805851
661	0.065493419654	0.010653506791
662	0.05231888266	0.008516897046
663	0.042774761496	0.0069684799681
664	0.034394546927	0.0056074715813
665	0.02297958359	0.0037492653672
666	0.011550890325	0.0018860166951
667	-0.0023751267944	-0.00038809891604
668	-0.017214141345	-0.0028149200607
669	-0.0315967783	-0.0051706850961
670	-0.043778542271	-0.0071695299479
671	-0.054549600161	-0.0089401452704
672	-0.064695476292	-0.010610847052
673	-0.075216089276	-0.012345524481
674	-0.085437429528	-0.014033601703
675	-0.095652443769	-0.015723120485
676	-0.10776468214	-0.017727208323
677	-0.11826519076	-0.019468907516
678	-0.12770680792	-0.021038703414
679	-0.13531088031	-0.022307836137
680	-0.13932762	-0.022986946178
681	-0.14269800777	-0.023560301058
682	-0.1489758448	-0.024614849253
683	-0.15572414866	-0.025748694848
684	-0.16755522847	-0.027725201183
685	-0.18485664671	-0.030610385281
686	-0.20344349005	-0.03371274099
687	-0.21882229938	-0.03628757314
688	-0.23081563532	-0.038304270204
689	-0.24085341215	-0.039999073717
690	-0.24686596825	-0.04102731175
691	-0.25186782285	-0.041888882643
692	-0.2558826531	-0.042587361045
693	-0.25804944636	-0.042978985505
694	-0.2616633193	-0.043612297604
695	-0.26819299815	-0.044732791238
696	-0.27695360968	-0.046227199692
697	-0.28739900093	-0.048005097459
698	-0.29862739741	-0.049916353335
699	-0.30887229791	-0.051665759045
700	-0.31692263932	-0.053050237134
701	-0.32563017208	-0.054546698816
702	-0.3365874864	-0.056422344169
703	-0.34726744095	-0.058254048528
704	-0.35607057452	-0.059773210043
705	-0.36362549226	-0.061084753672
706	-0.37062486693	-0.062304674797
707	-0.37671549113	-0.063373354681
708	-0.38455143427	-0.06473726663
709	-0.39245152575	-0.066113814879
710	-0.40257985722	-0.067867847968
711	-0.41488879582	-0.06999212105
712	-0.42692111748	-0.072072579776
713	-0.43678153584	-0.073788937252
714	-0.44583199781	-0.075370665025
715	-0.45341446428	-0.076706149942
716	-0.46078828115	-0.078008067375
717	-0.46733830674	-0.079172129993
718	-0.47420847247	-0.080391973665
719	-0.48444533134	-0.082184547764
720	-0.49680977909	-0.084340685018
721	-0.5092634451	-0.086514851575
722	-0.52037771504	-0.088464211557
723	-0.52845479786	-0.089899465292
724	-0.53437910482	-0.090970097184
725	-0.54007907026	-0.092003860625
726	-0.54572971941	-0.093030511815
727	-0.5503126562	-0.093876306753
728	-0.55676440453	-0.095042146371
729	-0.56292922939	-0.096160440302
730	-0.56712540306	-0.096943614179
731	-0.57294396019	-0.098005242244
732	-0.57690928063	-0.09875096212
733	-0.57852804397	-0.099095622654
734	-0.579109086	-0.099262743554
735	-0.57914684136	-0.099336768111
736	-0.58087448328	-0.099700806268
737	-0.58186227175	-0.099938127093
738	-0.58024221878	-0.099727416986
739	-0.576561313	-0.099161841408
740	-0.57172188602	-0.098395977564
741	-0.5673789243	-0.097714445735
742	-0.56437682007	-0.097262939975
743	-0.55740901298	-0.096126796381
744	-0.55003078982	-0.094918168129
745	-0.54376426646	-0.093899760385
746	-0.53951084599	-0.09322772396
747	-0.53747814453	-0.092938659339
748	-0.5363615046	-0.092807590685
749	-0.5342795676	-0.092509083865
750	-0.53198396702	-0.092173034961
751	-0.53144417762	-0.092140834556
752	-0.53191701539	-0.092284153076
753	-0.53357230586	-0.09263282401
754	-0.53618924798	-0.093148897435
755	-0.53665852108	-0.093292183855
756	-0.53601746294	-0.093242390813
757	-0.53471788932	-0.093077782532
758	-0.53255626958	-0.092762680585
759	-0.52899257895	-0.092202662944
760	-0.52351520526	-0.091308015725
761	-0.51720754068	-0.090267163901
762	-0.50989010313	-0.089048478239
763	-0.5007824751	-0.087515230036
764	-0.49436483794	-0.086450262081
765	-0.48831599514	-0.085448322922
766	-0.48324273173	-0.084615788527
767	-0.47698764137	-0.083574986375
768	-0.47032714892	-0.082461642322
769	-0.46422068973	-0.081443944681
770	-0.45910550184	-0.080598844292
771	-0.45379800623	-0.079718761756
772	-0.44947305388	-0.079010152567
773	-0.44659165287	-0.07855444348
774	-0.4440640971	-0.07816032711
775	-0.43972165235	-0.077445956514
776	-0.43488689644	-0.076643803339
777	-0.42985342605	-0.075805477384
778	-0.42589590761	-0.075155846567
779	-0.42410590423	-0.074888024446
780	-0.42160121018	-0.074493486029
781	-0.41984275212	-0.074230288261
782	-0.41843461096	-0.074028639662
783	-0.41985917353	-0.074328119042
784	-0.42531004685	-0.075341126857
785	-0.43170065885	-0.076521910045
786	-0.43657629244	-0.077435393122
787	-0.4412847811	-0.078320279162
788	-0.44728055189	-0.07943480973
789	-0.4546161588	-0.080788757888
790	-0.46241248312	-0.082226249638
791	-0.47172673288	-0.083935550625
792	-0.4815934374	-0.085745273775
793	-0.49027840783	-0.087346644993
794	-0.49992930109	-0.089122126026
795	-0.50972131664	-0.090924910847
796	-0.51567446457	-0.092044641818
797	-0.51689792687	-0.09232092174
798	-0.51538494831	-0.092108389083
799	-0.51113580743	-0.091406175066
800	-0.50413267674	-0.090210172261
801	-0.49644289655	-0.088889622105
802	-0.48914391653	-0.087637337086
803	-0.48239924831	-0.08648276347
804	-0.47283698694	-0.084821209529
805	-0.45870084489	-0.082336482228
806	-0.44542161792	-0.080002484183
807	-0.43295863705	-0.077812195439
808	-0.42249548128	-0.075978738087
809	-0.41260725037	-0.074246378902
810	-0.40135724615	-0.072266598492
811	-0.38916515775	-0.070114559254
812	-0.38066734285	-0.068625781177
813	-0.37608395255	-0.067841208678
814	-0.37138810688	-0.067035296097
815	-0.3708482856	-0.066978937505
816	-0.36954586223	-0.066784616136
817	-0.36835336302	-0.066609859191
818	-0.37000582396	-0.066949586269
819	-0.37431206365	-0.067770126887
820	-0.38103456778	-0.069029331152
821	-0.39201430451	-0.071061716577
822	-0.40407834982	-0.073293174246
823	-0.41603950349	-0.075508591082
824	-0.427101099	-0.077563252911
825	-0.43661048262	-0.079338263914
826	-0.44590508844	-0.081076287295
827	-0.45455844919	-0.082699661435
828	-0.46114520033	-0.083948694131
829	-0.46640360473	-0.08495718016
830	-0.47360445198	-0.086320826558
831	-0.48221830238	-0.087943715954
832	-0.49121255359	-0.089637879461
833	-0.5013190617	-0.091537071869
834	-0.51108414248	-0.0933760659
835	-0.51850703017	-0.094788984792
836	-0.52599323052	-0.0962150751
837	-0.53097660458	-0.097184675641
838	-0.53263253749	-0.097545945413
839	-0.53171424124	-0.097435818634
840	-0.53119928012	-0.097399411395
841	-0.52964901184	-0.097172913044
842	-0.52656733042	-0.09666491231
843	-0.52107326014	-0.095713087578
844	-0.51327153756	-0.094335901626
845	-0.50592096868	-0.093039952806
846	-0.49868283096	-0.091763061202
847	-0.49349066558	-0.090861267627
848	-0.48618026512	-0.089568075961
849	-0.480458543	-0.088566117585
850	-0.47422101827	-0.087467749676
851	-0.46529477839	-0.085871786991
852	-0.45339439761	-0.08372464966
853	-0.43975814453	-0.081254168415
854	-0.42697750661	-0.078938891946
855	-0.41521126005	-0.07680847194
856	-0.40560965014	-0.075076143952
857	-0.39898354969	-0.073892787479
858	-0.39687475911	-0.073545079955
859	-0.39488332082	-0.073218651573
860	-0.39428984374	-0.073151127344
861	-0.39317731424	-0.072987096661
862	-0.39388150656	-0.073160242766
863	-0.39746306422	-0.073868272563
864	-0.40186941032	-0.074730423615
865	-0.4058207716	-0.075508840964
866	-0.41013340625	-0.076355341546
867	-0.41431872929	-0.07717902777
868	-0.4180632738	-0.077921431822
869	-0.42025774201	-0.078375533777
870	-0.42072395175	-0.078507585426
871	-0.42393214925	-0.079151663062
872	-0.42838278157	-0.080028507941
873	-0.43340369615	-0.081012878041
874	-0.43906508879	-0.082118084268
875	-0.44569769681	-0.083406224118
876	-0.45077215044	-0.084404000724
877	-0.45503469779	-0.085250723307
878	-0.4610371787	-0.08642449042
879	-0.46904292024	-0.087975248581
880	-0.47858599319	-0.089816196493
881	-0.49011719197	-0.092032472689
882	-0.50294560799	-0.094494900636
883	-0.51716065732	-0.097220701712
884	-0.52875885862	-0.099457278384
885	-0.53833604043	-0.10131592977
886	-0.54577706681	-0.10277432866
887	-0.55112232818	-0.10383940308
888	-0.55685931825	-0.10497942824
889	-0.56365220432	-0.10631980751
890	-0.5706254889	-0.10769564076
891	-0.57949952596	-0.10943185333
892	-0.59174480589	-0.11180688877
893	-0.60342340056	-0.11407734948
894	-0.61342266955	-0.11603259091
895	-0.62236787535	-0.11779041677
896	-0.62795100637	-0.1189134292
897	-0.63035563017	-0.11943534282
898	-0.63270870925	-0.11994795525
899	-0.63372954182	-0.12020832124
900	-0.63228543154	-0.12000104544
901	-0.63008874713	-0.11965051844
902	-0.62943682227	-0.11959299623
903	-0.62818989242	-0.1194221865
904	-0.62463252472	-0.11881160851
905	-0.61990883628	-0.11797827717
906	-0.61434882161	-0.11698466331
907	-0.60818655952	-0.11587510237
908	-0.60394761284	-0.11513085516
909	-0.60112296925	-0.11465544131
910	-0.59959489294	-0.11442683767
911	-0.59902874685	-0.11438155501
912	-0.5971327684	-0.11408205522
913	-0.59652017231	-0.11402744839
914	-0.59460569218	-0.11372368218
915	-0.59302945824	-0.11348420957
916	-0.59428035694	-0.11378567911
917	-0.59699458436	-0.11436770955
918	-0.59811490954	-0.11464475867
919	-0.59862500207	-0.1148049765
920	-0.59713543097	-0.11458156055
921	-0.59694651263	-0.11460751206
922	-0.59597029369	-0.11448215497
923	-0.59011201968	-0.11341824065
924	-0.58460740522	-0.11242108325
925	-0.58024671005	-0.1116428447
926	-0.57452062038	-0.11060081526
927	-0.56993696437	-0.1097776121
928	-0.56565069986	-0.10901073767
929	-0.56129840577	-0.10823021008
930	-0.55494356966	-0.10706240817
931	-0.54762055807	-0.10570637232
932	-0.54203237321	-0.10468383921
933	-0.5360851192	-0.10359073367
934	-0.52885390151	-0.10224812697
935	-0.52100817999	-0.10078512377
936	-0.51221146054	-0.099136407733
937	-0.50425679991	-0.097648909413
938	-0.4968190319	-0.096259889405
939	-0.49256271814	-0.095486049329
940	-0.4918624219	-0.095401024706
941	-0.49395100345	-0.095857043471
942	-0.49453398462	-0.096021130983
943	-0.49602132801	-0.096361000083
944	-0.4978150695	-0.096760703205
945	-0.49976757508	-0.097191623779
946	-0.50102173186	-0.097487036532
947	-0.5028189654	-0.097888405664
948	-0.50659763944	-0.098676065612
949	-0.50992095725	-0.099375732213
950	-0.51071062203	-0.099582023509
951	-0.51092942323	-0.099677079624
952	-0.51070976719	-0.099686569637
953	-0.50693044821	-0.099000804044
954	-0.49957911705	-0.097616276574
955	-0.48902922273	-0.095604900364
956	-0.47728645212	-0.093358010868
957	-0.46678908758	-0.091352425268
958	-0.45893018129	-0.089861295223
959	-0.45032752178	-0.088222827966
960	-0.44209198529	-0.086654540142
961	-0.43597224553	-0.08549948178
962	-0.43080310809	-0.08452967373
963	-0.42668215998	-0.083764565504
964	-0.42477459561	-0.083433343298
965	-0.42235280711	-0.083000655019
966	-0.42140938927	-0.082858130949
967	-0.42361325632	-0.083334536592
968	-0.42954426633	-0.084544962244
969	-0.43586273386	-0.085832871307
970	-0.44417136994	-0.087514159722
971	-0.45365243075	-0.089428231085
972	-0.46489496668	-0.091691619784
973	-0.47420367076	-0.093575657014
974	-0.48092050387	-0.094949834228
975	-0.48597760297	-0.095997492039
976	-0.49085065815	-0.097009774961
977	-0.49667450136	-0.098211024878
978	-0.49936988434	-0.098794497891
979	-0.50061909195	-0.099092235009
980	-0.49997067981	-0.099014393377
981	-0.49961046685	-0.09899349921
982	-0.49943845194	-0.099009815442
983	-0.49645079376	-0.098467607807
984	-0.4923678463	-0.097707418671
985	-0.48580872094	-0.096454749328
986	-0.47873453579	-0.095098419451
987	-0.47176098963	-0.093760642265
988	-0.46617305543	-0.092696961861
989	-0.46212170984	-0.091937833718
990	-0.45765279861	-0.091094752049
991	-0.45390328927	-0.090394016692
992	-0.4535919688	-0.090377559516
993	-0.45631567565	-0.090966046385
994	-0.4597737335	-0.091701522484
995	-0.46168691475	-0.092129389581
996	-0.46038500526	-0.091915725059
997	-0.45633560556	-0.091152965819
998	-0.44909024255	-0.089750659694
999	-0.4394932156	-0.087876665712
1000	-0.42915141406	-0.085851737702
1001	-0.41950580153	-0.083964062597
1002	-0.40885970118	-0.081874091356
1003	-0.39881916669	-0.07990329812
1004	-0.39166871821	-0.078509796728
1005	-0.38667547827	-0.077547475545
1006	-0.38247852133	-0.07674391262
1007	-0.37805898706	-0.075894811992
1008	-0.37652731037	-0.075624833061
1009	-0.37734337365	-0.075826303574
1010	-0.37900530267	-0.076197976917
1011	-0.38099693552	-0.076636281101
1012	-0.38243562515	-0.076963684936
1013	-0.3830478308	-0.077124947152
1014	-0.38064309097	-0.076678564297
1015	-0.38057402041	-0.076702425537
1016	-0.38252185965	-0.07713295072
1017	-0.38316493646	-0.077300617716
1018	-0.38593699492	-0.077898110448
1019	-0.38744310291	-0.07824048698
1020	-0.39064661843	-0.07892608656
1021	-0.39495960532	-0.079836568379
1022	-0.40068280982	-0.081033083405
1023	-0.40776850623	-0.082506392674
1024	-0.4174410354	-0.084504748974
1025	-0.42886454747	-0.086859629859
1026	-0.44066028941	-0.089292172146
1027	-0.45142564531	-0.091518130194
1028	-0.46070062847	-0.093443898366
1029	-0.46768327986	-0.094906293983
1030	-0.47167916252	-0.095763648625
1031	-0.47363378407	-0.096207135638
1032	-0.47379199408	-0.096285910995
1033	-0.47595894297	-0.096773116527
1034	-0.47699151206	-0.097029969332
1035	-0.48091370291	-0.097875095561
1036	-0.48797965027	-0.09936109302
1037	-0.49831479663	-0.10151444191
1038	-0.50867648644	-0.10367520647
1039	-0.51930028413	-0.10589142744
1040	-0.52844429418	-0.10780781671
1041	-0.53464489719	-0.10912520158
1042	-0.54067129855	-0.11040820347
1043	-0.54938555519	-0.11224149919
1044	-0.55517720356	-0.11347908957
1045	-0.56064070236	-0.11465068094
1046	-0.56605897033	-0.11581406065
1047	-0.57131120758	-0.11694448759
1048	-0.57705341049	-0.11817625557
1049	-0.57902109193	-0.11863575573
1050	-0.57872522557	-0.11863161341
1051	-0.57696433495	-0.11832693147
1052	-0.57329960354	-0.11763124386
1053	-0.56949353993	-0.11690580255
1054	-0.56427073489	-0.11588862618
1055	-0.55886574295	-0.11483297168
1056	-0.55292359254	-0.11366581428
1057	-0.54987403514	-0.11309239376
1058	-0.54662121354	-0.11247652982
1059	-0.54196177133	-0.11157043587
1060	-0.5378497699	-0.11077616326
1061	-0.53547361655	-0.11033875324
1062	-0.53777921322	-0.11086602497
1063	-0.5410595536	-0.1115947626
1064	-0.54594101445	-0.11265450171
1065	-0.55009079277	-0.1135641092
1066	-0.55315447412	-0.11425017002
1067	-0.55564274216	-0.11481789578
1068	-0.55800555562	-0.11536014196
1069	-0.55870993499	-0.1155598007
1070	-0.55837139337	-0.11554375883
1071	-0.55594776467	-0.1150959579
1072	-0.55288279805	-0.11451482769
1073	-0.55346233649	-0.1146882939
1074	-0.55318697837	-0.1146846132
1075	-0.54843634794	-0.11375262653
1076	-0.54208308723	-0.11248713883
1077	-0.53366767378	-0.11079228817
1078	-0.52624148891	-0.10930125669
1079	-0.51998930724	-0.10805272705
1080	-0.51417054463	-0.10689307603
1081	-0.5080892785	-0.10567768434
1082	-0.50527442583	-0.10514079715
1083	-0.50357220147	-0.10483497631
1084	-0.5036238384	-0.10489409795
1085	-0.50811553269	-0.10587840267
1086	-0.51552553988	-0.10747192966
1087	-0.52440667531	-0.1093736838
1088	-0.53599692904	-0.11184240924
1089	-0.54689505502	-0.11416884553
1090	-0.55898529027	-0.11674632276
1091	-0.57026157651	-0.11915601654
1092	-0.58298726373	-0.12187083466
1093	-0.59536335266	-0.12451494689
1094	-0.60682679136	-0.12697044019
1095	-0.61786421493	-0.12933891975
1096	-0.62987749645	-0.13191385322
1097	-0.64104572368	-0.13431399522
1098	-0.64962096573	-0.13617270327
1099	-0.65904476621	-0.13821097413
1100	-0.66835629704	-0.14022745863
1101	-0.67884851638	-0.14249352153
1102	-0.6904891119	-0.1450027135
1103	-0.70217695677	-0.14752401976
1104	-0.71573593447	-0.15044081512
1105	-0.72631547873	-0.15273362826
1106	-0.73391605381	-0.15440170523
1107	-0.73838213332	-0.15541146079
1108	-0.74437765187	-0.1567440884
1109	-0.75112590603	-0.15823639854
1110	-0.75559157782	-0.1592488796
1111	-0.75989409729	-0.16022777437
1112	-0.76395305497	-0.16115607349
1113	-0.76911052753	-0.16231694581
1114	-0.7776085091	-0.1641840772
1115	-0.78861077838	-0.16658177735
1116	-0.79994135874	-0.16905090915
1117	-0.81002186623	-0.17125785659
1118	-0.82142224676	-0.17374585424
1119	-0.83391844947	-0.17646786314
1120	-0.84809748201	-0.17954846636
1121	-0.86067026306	-0.18229150588
1122	-0.87161636527	-0.18469219653
1123	-0.88191073016	-0.1869567547
1124	-0.89084053621	-0.18893381594
1125	-0.89705952842	-0.1903373458
1126	-0.90130049143	-0.19132212749
1127	-0.90469296465	-0.1921274789
1128	-0.90816444245	-0.19295021696
1129	-0.91064573895	-0.19356310186
1130	-0.91507226384	-0.19459006849
1131	-0.91825103716	-0.19535237807
1132	-0.92159488848	-0.19615038203
1133	-0.9275128519	-0.19749708682
1134	-0.93030959753	-0.1981799649
1135	-0.93372750809	-0.1989957121
1136	-0.93547964929	-0.1994568977
1137	-0.93789492434	-0.20005982469
1138	-0.94133675429	-0.20088223381
1139	-0.94399991883	-0.20153900837
1140	-0.9462785729	-0.20211411612
1141	-0.94693147663	-0.20234221816
1142	-0.94833943727	-0.20273181634
1143	-0.94744995929	-0.20263028795
1144	-0.94618377036	-0.20244795241
1145	-0.94679279974	-0.20266674337
1146	-0.94748872608	-0.20290421847
1147	-0.94976878104	-0.2034811732
1148	-0.95429806045	-0.20454060518
1149	-0.95836214136	-0.20550109139
1150	-0.96297124891	-0.20657921744
1151	-0.96680670503	-0.20749212596
1152	-0.96988401594	-0.20824292954
1153	-0.97272992862	-0.20894456235
1154	-0.97559347099	-0.20965047441
1155	-0.97527952752	-0.20967375765
1156	-0.97476157703	-0.20965306511
1157	-0.97284350554	-0.20933096693
1158	-0.97034324257	-0.20888314635
1159	-0.96717824308	-0.20829166451
1160	-0.96432576988	-0.20776689082
1161	-0.96066315458	-0.20706692624
1162	-0.95636783655	-0.20622980847
1163	-0.9541061416	-0.20583057198
1164	-0.95319783911	-0.20572297269
1165	-0.95560005456	-0.20632996308
1166	-0.9620994265	-0.20782238426
1167	-0.97168675117	-0.20998328302
1168	-0.9801673658	-0.21190665341
1169	-0.98749438037	-0.21358204554
1170	-0.99218885498	-0.21468912654
1171	-0.99486305292	-0.21535970345
1172	-0.99676202096	-0.21586284833
1173	-0.99960834151	-0.21657155469
1174	-1.0020019985	-0.217182633
1175	-1.0068387541	-0.21832387751
1176	-1.0107670377	-0.21926889705
1177	-1.0154869618	-0.22038640735
1178	-1.0236378323	-0.22224966629
1179	-1.0315647327	-0.22406573843
1180	-1.0391859536	-0.22581680541
1181	-1.0475223981	-0.22772471984
1182	-1.0535766316	-0.22913777928
1183	-1.0581491276	-0.23022951839
1184	-1.0618913327	-0.23114132805
1185	-1.0667815425	-0.23230377526
1186	-1.0686263015	-0.2328036183
1187	-1.0689756737	-0.23297784675
1188	-1.0674431182	-0.23274176869
1189	-1.0652982872	-0.23237181363
1190	-1.0638217897	-0.23214726798
1191	-1.0603788695	-0.23149311764
1192	-1.0537232727	-0.23013663655
1193	-1.0472241187	-0.228813078
1194	-1.0401613436	-0.22736508957
1195	-1.0318342893	-0.22563929903
1196	-1.0254000022	-0.22432602519
1197	-1.0190569762	-0.22303150916
1198	-1.0117041771	-0.22151470311
1199	-1.0036042822	-0.21983286883
1200	-0.99371568242	-0.21775754999
1201	-0.9851835392	-0.21597775876
1202	-0.97935735733	-0.21478983701
1203	-0.97416301832	-0.21373944709
1204	-0.96974017094	-0.21285741528
1205	-0.96526605739	-0.21196328323
1206	-0.96349047706	-0.21166111779
1207	-0.96121190764	-0.21124804947
1208	-0.95918569669	-0.21089001466
1209	-0.96059266062	-0.21128671752
1210	-0.96411486418	-0.212149089
1211	-0.96888163814	-0.21328603969
1212	-0.97271245612	-0.21421769729
1213	-0.97686285711	-0.21522042412
1214	-0.9824837364	-0.21654797417
1215	-0.98639539179	-0.21749962471
1216	-0.99287985936	-0.21901948498
1217	-1.0020568248	-0.22113466658
1218	-1.0125059376	-0.22353232798
1219	-1.0211938295	-0.2255428583
1220	-1.0290606229	-0.22737350039
1221	-1.0399253959	-0.22986821082
1222	-1.052246348	-0.23268685873
1223	-1.0630550144	-0.23517314272
1224	-1.0724661596	-0.23735205041
1225	-1.0812173966	-0.23938651277
1226	-1.0890479052	-0.24121857966
1227	-1.0958347501	-0.24282076014
1228	-1.1031637432	-0.24454430642
1229	-1.1096461964	-0.2460814012
1230	-1.1148341008	-0.24733242136
1231	-1.1180247557	-0.24814105464
1232	-1.1231122634	-0.2493713917
1233	-1.1316398169	-0.25136672818
1234	-1.1409288341	-0.25353276848
1235	-1.1508715143	-0.25584575252
1236	-1.1629312912	-0.25863131759
1237	-1.1756183612	-0.26155857334
1238	-1.1863034462	-0.26404247391
1239	-1.1951249881	-0.26611330461
1240	-1.2041052941	-0.26822104229
1241	-1.212433027	-0.2701849262
1242	-1.2214779335	-0.27231014413
1243	-1.2304042563	-0.27441049378
1244	-1.2382422538	-0.27626957904
1245	-1.244405661	-0.27775624975
1246	-1.2487552006	-0.27883895533
1247	-1.2514364638	-0.27954973051
1248	-1.2537390662	-0.28017632057
1249	-1.2580187451	-0.28124527717
1250	-1.2614216145	-0.28211885467
1251	-1.2633559312	-0.28266442036
1252	-1.2636330209	-0.28283934914
1253	-1.262420295	-0.2826806834
1254	-1.2619144361	-0.28268010055
1255	-1.2630693083	-0.28305154932
1256	-1.2618673169	-0.28289478016
1257	-1.2610880666	-0.28283256268
1258	-1.2614698202	-0.28303065107
1259	-1.2635687588	-0.2836141934
1260	-1.2667581342	-0.28444291611
1261	-1.2719827112	-0.28572933571
1262	-1.2798943078	-0.28762047332
1263	-1.2860666894	-0.28912197935
1264	-1.2903183312	-0.29019256401
1265	-1.2956596671	-0.29150902851
1266	-1.3007861322	-0.29277803453
1267	-1.3037614	-0.29356352815
1268	-1.3062543846	-0.29424086774
1269	-1.3095595298	-0.29510161998
1270	-1.3114222137	-0.29563773486
1271	-1.313548584	-0.29623360144
1272	-1.3153802313	-0.29676330682
1273	-1.3201378052	-0.29795366961
1274	-1.3226294173	-0.29863320374
1275	-1.3257637358	-0.29945830534
1276	-1.3308638958	-0.30072812654
1277	-1.3387061364	-0.30261866022
1278	-1.3479390958	-0.30482503453
1279	-1.3589946266	-0.30744531563
1280	-1.3715449628	-0.31040580643
1281	-1.3820205185	-0.31289872384
1282	-1.3923340361	-0.31535674353
1283	-1.4014489206	-0.31754494645
1284	-1.4101316618	-0.31963675567
1285	-1.4197910037	-0.32195150245
1286	-1.4281561682	-0.32397432291
1287	-1.4365977376	-0.32601590846
1288	-1.4441313921	-0.3278528141
1289	-1.4498115313	-0.32927004162
1290	-1.4565381886	-0.33092598931
1291	-1.4622320457	-0.33234832813
1292	-1.467260702	-0.33362036827
1293	-1.4714946295	-0.33471247071
1294	-1.4748301132	-0.3356008248
1295	-1.4750570068	-0.33578207552
1296	-1.4769268041	-0.3363374511
1297	-1.4799345782	-0.33715235409
1298	-1.4807913406	-0.33747751204
1299	-1.4815484612	-0.33778005286
1300	-1.4839133875	-0.33844938314
1301	-1.4850533109	-0.33883957338
1302	-1.4865221954	-0.3393050002
1303	-1.49002526	-0.34023512291
1304	-1.4947239622	-0.34143892801
1305	-1.4988899629	-0.34252177439
1306	-1.5041109311	-0.34384647003
1307	-1.5071099489	-0.34466388674
1308	-1.5083271329	-0.34507413078
1309	-1.5094770803	-0.34546914901
1310	-1.5105724189	-0.34585181494
1311	-1.5113006102	-0.34615052994
1312	-1.513158236	-0.34670810775
1313	-1.5175114215	-0.34783798187
1314	-1.5236232965	-0.34937183857
1315	-1.5289992178	-0.35073789011
1316	-1.5341443909	-0.35205187683
1317	-1.5407881763	-0.35371073826
1318	-1.5501627144	-0.35599782896
1319	-1.5583152208	-0.35800575297
1320	-1.5654421695	-0.35977934516
1321	-1.5708819929	-0.36116623411
1322	-1.5761096384	-0.36250521684
1323	-1.5792342765	-0.36336118236
1324	-1.5819819251	-0.36413086612
1325	-1.5851718136	-0.36500280596
1326	-1.5873850771	-0.36565028482
1327	-1.5883803945	-0.36601743939
1328	-1.589196589	-0.36634342322
1329	-1.5899933655	-0.36666501881
1330	-1.5911113034	-0.36706079098
1331	-1.5941281368	-0.36789493467
1332	-1.5978633508	-0.3688954004
1333	-1.599983678	-0.36952349594
1334	-1.600734061	-0.36983539329
1335	-1.6020877815	-0.37028681662
1336	-1.6062426361	-0.37138608429
1337	-1.611165454	-0.37266364919
1338	-1.6178552253	-0.3743508636
1339	-1.6254780499	-0.37625515939
1340	-1.6325445887	-0.37803190651
1341	-1.6383827819	-0.37952528004
1342	-1.6465426237	-0.38155761065
1343	-1.6597393728	-0.38475894711
1344	-1.6730863437	-0.38799734456
1345	-1.6853670878	-0.39099063508
1346	-1.6966683286	-0.39375866828
1347	-1.7058707402	-0.39604132303
1348	-1.7122509162	-0.39767004489
1349	-1.7153483125	-0.39853710317
1350	-1.7154496551	-0.39870829109
1351	-1.7150677859	-0.39876709117
1352	-1.713239927	-0.39848944236
1353	-1.7120016636	-0.39834861183
1354	-1.7129012027	-0.39870512177
1355	-1.7171522073	-0.39984212701
1356	-1.7216297576	-0.40103257916
1357	-1.7284749181	-0.40277545477
1358	-1.7364615838	-0.40478554635
1359	-1.7460471415	-0.4071698075
1360	-1.7549772478	-0.40940275346
1361	-1.7637289742	-0.41159554741
1362	-1.7733097601	-0.41398333185
1363	-1.78362434	-0.41654407087
1364	-1.7923499387	-0.41873529702
1365	-1.79947365	-0.42055358503
1366	-1.807269966	-0.42253028736
1367	-1.8160322048	-0.42473417733
1368	-1.8229240294	-0.42650189613
1369	-1.8299027509	-0.4282910746
1370	-1.8366904646	-0.43003666672
1371	-1.8423556836	-0.43152044812
1372	-1.8470368495	-0.43277456865
1373	-1.8521221861	-0.43412416563
1374	-1.8567075978	-0.43535735143
1375	-1.8632779783	-0.43705686295
1376	-1.8697313538	-0.43872998207
1377	-1.8753496101	-0.44020811262
1378	-1.8808756526	-0.44166548902
1379	-1.8865518241	-0.44315901455
1380	-1.8945074896	-0.44518910527
1381	-1.904999848	-0.44781680351
1382	-1.9174078152	-0.4508967021
1383	-1.9310800373	-0.45427606135
1384	-1.9463021258	-0.45802241541
1385	-1.9632597839	-0.46217987538
1386	-1.9797808417	-0.46623733737
1387	-1.9972413596	-0.47051886699
1388	-2.0146009358	-0.47477951127
1389	-2.0330310785	-0.47929543088
1390	-2.0503316698	-0.48354802321
1391	-2.0691030178	-0.48815047376
1392	-2.0905093886	-0.49337793158
1393	-2.1152708461	-0.49940106702
1394	-2.1402938544	-0.50549010589
1395	-2.1647174008	-0.51144168736
1396	-2.186866443	-0.51685976544
1397	-2.2063563896	-0.52165283106
1398	-2.2239411027	-0.5259985083
1399	-2.2388358006	-0.52971063218
1400	-2.2532732854	-0.53331699085
1401	-2.2664606972	-0.53662974181
1402	-2.2763231749	-0.53915712713
1403	-2.2813049904	-0.54052969118
1404	-2.2813828377	-0.54074067344
1405	-2.2810807244	-0.54086150873
1406	-2.2795813707	-0.5406982489
1407	-2.2781850702	-0.54055911994
1408	-2.2796744917	-0.54110464376
1409	-2.279825167	-0.54133247217
1410	-2.2787320834	-0.54126482909
1411	-2.2752395173	-0.54062678538
1412	-2.2730805663	-0.54030508256
1413	-2.2713710976	-0.54008982729
1414	-2.2675452509	-0.53937080352
1415	-2.2604070979	-0.53786290712
1416	-2.2545278144	-0.53665339692
1417	-2.2520096529	-0.53624317426
1418	-2.2520689463	-0.53644641571
1419	-2.2514571891	-0.53648969884
1420	-2.2501135638	-0.53635835769
1421	-2.2493621337	-0.53636793555
1422	-2.2485877572	-0.53637184742
1423	-2.2476421502	-0.53633470399
1424	-2.2499818056	-0.53708154389
1425	-2.2540238825	-0.53823522855
1426	-2.2594282656	-0.53971494137
1427	-2.2693740071	-0.542280678
1428	-2.2794362652	-0.54487586506
1429	-2.2875752766	-0.54701277585
1430	-2.2960128865	-0.54922240806
1431	-2.3006176642	-0.5505162233
1432	-2.30216817	-0.55107962729
1433	-2.3016383242	-0.55114506698
1434	-2.2993842126	-0.55079731835
1435	-2.2952112182	-0.54998931468
1436	-2.2908901134	-0.54914504444
1437	-2.2888318823	-0.54884260464
1438	-2.2871264751	-0.54862438872
1439	-2.2842124996	-0.54811581612
1440	-2.2819181106	-0.54775541822
1441	-2.2802602999	-0.54754743033
1442	-2.2765999472	-0.5468580733
1443	-2.2712559047	-0.54576346473
1444	-2.2656719217	-0.54461022545
1445	-2.2605054801	-0.54355639283
1446	-2.2547352127	-0.54235639083
1447	-2.2483270428	-0.54100186972
1448	-2.2414041845	-0.53952232956
1449	-2.2351724084	-0.53820798062
1450	-2.2295354273	-0.53703580274
1451	-2.2244294523	-0.53599057427
1452	-2.2195362811	-0.53499572867
1453	-2.2141403064	-0.53387877052
1454	-2.2078272246	-0.53253964294
1455	-2.2008642626	-0.53104259707
1456	-2.1933163235	-0.52940313769
1457	-2.1851482166	-0.52761262313
1458	-2.1809923999	-0.52678980883
1459	-2.1825141664	-0.5273380594
1460	-2.186963438	-0.52859408473
1461	-2.1958862865	-0.53093242832
1462	-2.2087541076	-0.53422634755
1463	-2.2243556528	-0.53818375804
1464	-2.2395088055	-0.54203515924
1465	-2.2545856222	-0.5458705194
1466	-2.2706284546	-0.54994227418
1467	-2.2870773148	-0.55411498734
1468	-2.3014401594	-0.55778477808
1469	-2.3130268227	-0.56078380092
1470	-2.3243226627	-0.5637141376
1471	-2.3346552484	-0.5664125762
1472	-2.3457560759	-0.56929910006
1473	-2.3574660905	-0.57233528365
1474	-2.3673935284	-0.57494041773
1475	-2.3754691225	-0.57709723325
1476	-2.3830141505	-0.57912637259
1477	-2.3902524777	-0.5810821269
1478	-2.3960113886	-0.58267923059
1479	-2.4014625773	-0.58420235549
1480	-2.4048876397	-0.5852332489
1481	-2.4083479736	-0.58627322482
1482	-2.411294919	-0.58718868429
1483	-2.4150788164	-0.58830844088
1484	-2.4174651927	-0.58908820386
1485	-2.4186678849	-0.58957975435
1486	-2.419547813	-0.58999273122
1487	-2.420825598	-0.59050283341
1488	-2.4239908577	-0.59147363772
1489	-2.4307288482	-0.59331696256
1490	-2.4381223587	-0.59532138439
1491	-2.4457763058	-0.5973905631
1492	-2.4518964256	-0.59908615914
1493	-2.4589961174	-0.60102211458
1494	-2.4685466144	-0.60355838518
1495	-2.479908355	-0.60653914693
1496	-2.4890757222	-0.608984817
1497	-2.4957304208	-0.61081695538
1498	-2.4994862812	-0.61194040093
1499	-2.5004046782	-0.6123694741
1500	-2.4991164454	-0.6122580274
1501	-2.4964631895	-0.61181177424
1502	-2.4932525335	-0.61122837186
1503	-2.4941253848	-0.61164579513
1504	-2.4982741204	-0.61286692037
1505	-2.5036614839	-0.61439261075
1506	-2.5111943567	-0.61644578923
1507	-2.5202315985	-0.61886954102
1508	-2.5273873768	-0.62083253033
1509	-2.5299922088	-0.62167834255
1510	-2.5281676371	-0.62143574192
1511	-2.5248157377	-0.62081722757
1512	-2.5202113514	-0.61989002893
1513	-2.5160607186	-0.61907365928
1514	-2.5112667051	-0.61809819198
1515	-2.5081474434	-0.617534221
1516	-2.5055584449	-0.6171002759
1517	-2.500938399	-0.61616544657
1518	-2.4935717914	-0.61455289677
1519	-2.4848779513	-0.61261187414
1520	-2.4772616415	-0.61093511205
1521	-2.4712971492	-0.60966454895
1522	-2.4677782625	-0.60899647763
1523	-2.4662669075	-0.60882335012
1524	-2.4660861963	-0.60897850304
1525	-2.467709672	-0.60957923551
1526	-2.4719621351	-0.61082979662
1527	-2.4758816203	-0.61199867373
1528	-2.4810481829	-0.61347647816
1529	-2.4878531923	-0.61536031586
1530	-2.4976629594	-0.61798864573
1531	-2.506351346	-0.62034094535
1532	-2.5152518863	-0.62274710979
1533	-2.5242117466	-0.62516933764
1534	-2.5320089074	-0.62730488743
1535	-2.5374059357	-0.62884680327
1536	-2.5408638397	-0.62990879271
1537	-2.5434823533	-0.63076311133
1538	-2.5464444985	-0.63170303117
1539	-2.5485414406	-0.63242865902
1540	-2.5518525906	-0.63345596558
1541	-2.5555324422	-0.63457529281
1542	-2.5591444071	-0.63567828337
1543	-2.5639203473	-0.63707100795
1544	-2.5687076033	-0.63846724712
1545	-2.5747906837	-0.64018637876
1546	-2.5825286457	-0.64231801871
1547	-2.5891649116	-0.64417673719
1548	-2.5943135903	-0.64566622842
1549	-2.5988127602	-0.64699477951
1550	-2.6021844212	-0.64804319341
1551	-2.6064073334	-0.64930414383
1552	-2.6111944926	-0.65070631448
1553	-2.615281353	-0.65193461632
1554	-2.6193618874	-0.65316192896
1555	-2.6218190857	-0.65398490464
1556	-2.6251334776	-0.65502209333
1557	-2.6317635871	-0.65688734782
1558	-2.6417041217	-0.65958014339
1559	-2.6521605276	-0.66240330754
1560	-2.6631321547	-0.66535680109
1561	-2.675500536	-0.66866105969
1562	-2.6888314046	-0.67220785114
1563	-2.7003244498	-0.67529710386
1564	-2.7111678934	-0.67822562149
1565	-2.7171188825	-0.67993151644
1566	-2.7194296135	-0.68072706463
1567	-2.7182519916	-0.68064943025
1568	-2.7150639353	-0.68006796581
1569	-2.711844483	-0.6794780566
1570	-2.709814076	-0.67918558578
1571	-2.7100763479	-0.67946754019
1572	-2.7093693301	-0.67950637104
1573	-2.709396849	-0.67972929986
1574	-2.7101239924	-0.68012774092
1575	-2.71036486	-0.68040415566
1576	-2.7098570533	-0.68049253501
1577	-2.7089668716	-0.68048471356
1578	-2.7076020207	-0.68035740862
1579	-2.7092101722	-0.68097710111
1580	-2.714639061	-0.68255765173
1581	-2.7214673038	-0.68449095678
1582	-2.728798233	-0.68655175267
1583	-2.7329089645	-0.68780320427
1584	-2.7334633758	-0.68815992332
1585	-2.7337823963	-0.68845738269
1586	-2.73367893	-0.68864839448
1587	-2.7316912145	-0.68836450563
1588	-2.7292255799	-0.6879597632
1589	-2.7257863845	-0.68730907726
1590	-2.723601416	-0.68697413146
1591	-2.7228712338	-0.68700582745
1592	-2.7210606187	-0.6867646509
1593	-2.7187535141	-0.68639777208
1594	-2.7137256605	-0.6853433431
1595	-2.7076934193	-0.68403431576
1596	-2.7005111993	-0.68243366029
1597	-2.6916102845	-0.68039734165
1598	-2.6816810264	-0.67809951731
1599	-2.671644327	-0.67577287942
1600	-2.6591451916	-0.67282153851
1601	-2.64545383	-0.66956640255
1602	-2.6319527091	-0.66635720266
1603	-2.620323371	-0.66361985024
1604	-2.611118654	-0.66149484452
1605	-2.6052620598	-0.6602167913
1606	-2.6006565356	-0.65925489031
1607	-2.5984031155	-0.65888863221
1608	-2.5957902547	-0.65843078162
1609	-2.5930192557	-0.65793233058
1610	-2.5933947058	-0.65823198249
1611	-2.5943876997	-0.65868841814
1612	-2.594506391	-0.65892290152
1613	-2.5943454013	-0.65908628804
1614	-2.5918715596	-0.6586618302
1615	-2.592144534	-0.65893517319
1616	-2.589461752	-0.65845689654
1617	-2.5857545265	-0.65771755542
1618	-2.5818495151	-0.65692724369
1619	-2.576423397	-0.65574910461
1620	-2.5709235427	-0.65455127718
1621	-2.5673481181	-0.6538426299
1622	-2.5665482935	-0.65384045627
1623	-2.5652547649	-0.65371228277
1624	-2.5619459736	-0.6530701301
1625	-2.5557328659	-0.65168682411
1626	-2.5487361716	-0.65010261348
1627	-2.5399746353	-0.64806695003
1628	-2.5320740995	-0.64624960104
1629	-2.5247745799	-0.64458439459
1630	-2.5186652197	-0.64322192916
1631	-2.5110996561	-0.6414864441
1632	-2.5043451389	-0.63995696787
1633	-2.4980788232	-0.63855116686
1634	-2.4897178567	-0.63660873344
1635	-2.4807292015	-0.63450438644
1636	-2.4735451045	-0.63286027339
1637	-2.4688350256	-0.63184815275
1638	-2.4663146533	-0.63139581904
1639	-2.464217765	-0.63105148101
1640	-2.4633569047	-0.63102338267
1641	-2.4631145166	-0.63115356989
1642	-2.4649239505	-0.63180958396
1643	-2.4670797087	-0.63255461874
1644	-2.4670200163	-0.6327317211
1645	-2.4673721084	-0.63301440069
1646	-2.4676543641	-0.63327915445
1647	-2.4670290763	-0.63331091838
1648	-2.4669905984	-0.63349321219
1649	-2.4660970383	-0.6334558004
1650	-2.4630248895	-0.63285841692
1651	-2.4577321833	-0.63168976629
1652	-2.4539148764	-0.63089955808
1653	-2.4508656257	-0.63030622457
1654	-2.4478418971	-0.62971892483
1655	-2.4452946706	-0.62925371691
1656	-2.4415896657	-0.6284900317
1657	-2.4407751183	-0.6284699712
1658	-2.4398770852	-0.62842822395
1659	-2.438082558	-0.62815530455
1660	-2.4361703758	-0.62785172736
1661	-2.4310610232	-0.62672357115
1662	-2.4249868378	-0.62534575825
1663	-2.4193564708	-0.62408143111
1664	-2.413930458	-0.62286890422
1665	-2.4101561698	-0.62208180414
1666	-2.4050079447	-0.62093933185
1667	-2.3972101878	-0.61911172889
1668	-2.3903923743	-0.61753602198
1669	-2.3859567488	-0.61657480484
1670	-2.3808265813	-0.61543330976
1671	-2.3757601908	-0.61430745669
1672	-2.371028611	-0.61326736379
1673	-2.3705239013	-0.61332009256
1674	-2.372168322	-0.61392889414
1675	-2.3752445948	-0.61490857616
1676	-2.377654274	-0.61571605803
1677	-2.3776867551	-0.61590807584
1678	-2.3756751895	-0.6155704031
1679	-2.3737900757	-0.61526514036
1680	-2.3690155016	-0.61421038701
1681	-2.3623420078	-0.61266236671
1682	-2.3553178944	-0.61102230435
1683	-2.3487806825	-0.60950745571
1684	-2.344510894	-0.60858011564
1685	-2.3423446458	-0.60819825584
1686	-2.3393115232	-0.60759085497
1687	-2.3363050369	-0.60698985389
1688	-2.3362501044	-0.60715539998
1689	-2.3355301568	-0.60714800603
1690	-2.3348395381	-0.60714807479
1691	-2.3341957974	-0.60716017788
1692	-2.3314632556	-0.60662863909
1693	-2.3261553704	-0.60542634499
1694	-2.3172396323	-0.60328389256
1695	-2.3075453216	-0.60093725979
1696	-2.2978725404	-0.59859469416
1697	-2.2886421849	-0.59636587689
1698	-2.2815344042	-0.59468884655
1699	-2.2748352512	-0.59311721529
1700	-2.2679030287	-0.5914837189
1701	-2.2622023773	-0.5901704043
1702	-2.2566740464	-0.58890113338
1703	-2.2498208971	-0.58728513847
1704	-2.2432745173	-0.58574814432
1705	-2.2360862424	-0.58404244063
1706	-2.2261770329	-0.58162469777
1707	-2.2156740255	-0.57905020313
1708	-2.2086875736	-0.57739334646
1709	-2.203437527	-0.57618943382
1710	-2.1985988936	-0.57509228306
1711	-2.1923996011	-0.57363832865
1712	-2.1848708476	-0.57183542433
1713	-2.1765252667	-0.56981747403
1714	-2.1698025336	-0.56822318795
1715	-2.1635431177	-0.5667491946
1716	-2.1575206469	-0.56533628415
1717	-2.1538083112	-0.5645279086
1718	-2.1502878876	-0.56376923479
1719	-2.1483217873	-0.56341761207
1720	-2.1466610637	-0.56314575304
1721	-2.1422153378	-0.56214277553
1722	-2.133053297	-0.55990109639
1723	-2.1247538351	-0.55788445632
1724	-2.1143872066	-0.55532358336
1725	-2.10392985	-0.55273724911
1726	-2.0959817022	-0.55080867801
1727	-2.0894559356	-0.54925275053
1728	-2.08204361	-0.54746266792
1729	-2.0730872435	-0.54526529686
1730	-2.0653633767	-0.54339078504
1731	-2.0611093612	-0.54242822454
1732	-2.0574503264	-0.54162160029
1733	-2.0524496671	-0.54046109182
1734	-2.0505171832	-0.54010793871
1735	-2.0493782896	-0.53996353985
1736	-2.0459705556	-0.53922096438
1737	-2.0399521018	-0.53778956679
1738	-2.0326963887	-0.53603094078
1739	-2.0253391767	-0.53424439646
1740	-2.014684886	-0.53158673827
1741	-2.0035951093	-0.52881248245
1742	-1.9915080017	-0.52577319942
1743	-1.9797830032	-0.52282766873
1744	-1.9696320125	-0.52029610748
1745	-1.9608176081	-0.51811613893
1746	-1.9514958506	-0.51580069483
1747	-1.942241584	-0.51350164139
1748	-1.9317124533	-0.51086399302
1749	-1.920328426	-0.50799855829
1750	-1.9075466918	-0.50476150941
1751	-1.8918364068	-0.50074733351
1752	-1.8759168223	-0.49667532765
1753	-1.8596099418	-0.49249830495
1754	-1.8423022949	-0.48805366119
1755	-1.8231655527	-0.48312167149
1756	-1.8036181159	-0.47807789274
1757	-1.7837163454	-0.47293717687
1758	-1.7649443808	-0.46809306388
1759	-1.7488370585	-0.46395299094
1760	-1.7353549167	-0.46050708995
1761	-1.7246272976	-0.45779028843
1762	-1.7174164198	-0.45600559286
1763	-1.7118375821	-0.45465323378
1764	-1.7041165535	-0.45273088434
1765	-1.6956721991	-0.45061511636
1766	-1.6853967995	-0.44801131369
1767	-1.6727064112	-0.44476379618
1768	-1.6578235995	-0.44093121528
1769	-1.6412958171	-0.43665872448
1770	-1.6244748901	-0.43230570216
1771	-1.6085002004	-0.42817538149
1772	-1.5920700615	-0.42392135359
1773	-1.5745055429	-0.41936268666
1774	-1.5559513072	-0.41453766742
1775	-1.5366314053	-0.40950578275
1776	-1.5192137416	-0.40497804693
1777	-1.5007825908	-0.40017742334
1778	-1.4810461204	-0.39502584729
1779	-1.461716235	-0.38997975531
1780	-1.4429916369	-0.38509226794
1781	-1.4269858137	-0.38092770888
1782	-1.4139567998	-0.37755559087
1783	-1.4054854862	-0.37539883259
1784	-1.4018743834	-0.37453928038
1785	-1.4007792676	-0.3743515436
1786	-1.4026681108	-0.37496128555
1787	-1.4035241538	-0.37529511533
1788	-1.4017153444	-0.37491627675
1789	-1.3983504235	-0.37412080943
1790	-1.39284749	-0.37275263678
1791	-1.3885931196	-0.37171784521
1792	-1.3859074645	-0.37110244159
1793	-1.3840888452	-0.37071883761
1794	-1.3835147963	-0.37066837591
1795	-1.3799097814	-0.36980552345
1796	-1.3748928534	-0.36856361668
1797	-1.3682131272	-0.36687506716
1798	-1.3594939041	-0.36463846642
1799	-1.353275626	-0.36307151794
1800	-1.3492790883	-0.36209985262
1801	-1.3449583937	-0.36104054703
1802	-1.3402613595	-0.3598795172
1803	-1.3329317854	-0.35801068895
1804	-1.3247743345	-0.35591832147
1805	-1.3155623562	-0.35354132077
1806	-1.3057175823	-0.35099281863
1807	-1.2947859686	-0.34815058802
1808	-1.2819450359	-0.34479317228
1809	-1.2694335285	-0.34152244751
1810	-1.2599173079	-0.33905589703
1811	-1.2526946019	-0.33720528356
1812	-1.2475730222	-0.33591931666
1813	-1.2451172919	-0.33535056328
1814	-1.2429826302	-0.33486791775
1815	-1.2383671481	-0.33371639592
1816	-1.2308635984	-0.3317856701
1817	-1.2220897343	-0.32951129156
1818	-1.2125240198	-0.32702202163
1819	-1.2040798474	-0.3248338753
1820	-1.1951134657	-0.32250353328
1821	-1.184090038	-0.31961658785
1822	-1.1702043556	-0.31595517601
1823	-1.1555948831	-0.31209620631
1824	-1.1388294777	-0.3076526282
1825	-1.1219127122	-0.30316564371
1826	-1.1066339292	-0.29911887269
1827	-1.0946859986	-0.29597038118
1828	-1.0833733464	-0.29299190715
1829	-1.0733203066	-0.29035248586
1830	-1.0630213837	-0.28764502241
1831	-1.0537271027	-0.28520793734
1832	-1.042885531	-0.28235054438
1833	-1.0314743028	-0.27933725791
1834	-1.0196649149	-0.27621440875
1835	-1.0056455545	-0.27249097836
1836	-0.99239666446	-0.26897428263
1837	-0.97844422591	-0.26526487345
1838	-0.96599866346	-0.26196202462
1839	-0.95552729909	-0.25919283442
1840	-0.94559492601	-0.25656832547
1841	-0.93628446067	-0.25411112143
1842	-0.92754019213	-0.25180623612
1843	-0.92014718045	-0.24986697916
1844	-0.91262815709	-0.24789238693
1845	-0.90442443411	-0.24573063744
1846	-0.89603295313	-0.2435166348
1847	-0.88851770037	-0.24153957795
1848	-0.88551678622	-0.24078893252
1849	-0.884030362	-0.24044975815
1850	-0.88319202967	-0.24028667149
1851	-0.88279110901	-0.2402424811
1852	-0.88169768919	-0.24000970689
1853	-0.87905725719	-0.23935552381
1854	-0.87367174911	-0.23795328635
1855	-0.86714981851	-0.23624064111
1856	-0.86093818577	-0.23461157943
1857	-0.85342596891	-0.23262707541
1858	-0.84337406368	-0.22994899689
1859	-0.83326012148	-0.2272525079
1860	-0.82185683021	-0.2242027843
1861	-0.80883605241	-0.22071000309
1862	-0.79579251386	-0.2172090848
1863	-0.78115321604	-0.21327056492
1864	-0.76717723777	-0.20951103307
1865	-0.75192630242	-0.20540116338
1866	-0.73660534488	-0.20126991288
1867	-0.72173321975	-0.19725907681
1868	-0.70983056873	-0.1940578632
1869	-0.70139498341	-0.19180299561
1870	-0.69644986239	-0.19050163563
1871	-0.69112143796	-0.18909466495
1872	-0.68359659742	-0.1870857896
1873	-0.67141588826	-0.18380124909
1874	-0.65849170444	-0.1803113339
1875	-0.64433081838	-0.17648078793
1876	-0.63005970541	-0.1726179624
1877	-0.61374528857	-0.16819308627
1878	-0.59592062876	-0.16335183402
1879	-0.57603539469	-0.1579429809
1880	-0.55663297671	-0.15266363407
1881	-0.53926808159	-0.14794041166
1882	-0.52371712273	-0.14371240634
1883	-0.50636455265	-0.1389876154
1884	-0.49052182993	-0.13467482079
1885	-0.47522329819	-0.13050915812
1886	-0.46001519177	-0.12636609782
1887	-0.44724062018	-0.12288948292
1888	-0.43574729537	-0.11976314453
1889	-0.42717395477	-0.11743788177
1890	-0.42158123048	-0.11593100576
1891	-0.41539192271	-0.11425920972
1892	-0.4071984016	-0.11203507373
1893	-0.3980420904	-0.10954477023
1894	-0.3898381457	-0.10731529731
1895	-0.38500795087	-0.10601360143
1896	-0.3813138758	-0.10502411449
1897	-0.37559952407	-0.10347749846
1898	-0.36767167153	-0.10132006644
1899	-0.35737822732	-0.098509413843
1900	-0.34489040974	-0.095092234106
1901	-0.33463696035	-0.092289452004
1902	-0.32497459197	-0.089648233341
1903	-0.31437431774	-0.086746806601
1904	-0.30301617685	-0.083634660551
1905	-0.29221764029	-0.080675358069
1906	-0.27907774632	-0.077067914637
1907	-0.26555241336	-0.073352094909
1908	-0.25374110836	-0.070107892228
1909	-0.24271364426	-0.067078604363
1910	-0.23273669077	-0.064338120766
1911	-0.22374302335	-0.061868081516
1912	-0.21812319865	-0.060329895814
1913	-0.21512920439	-0.05951735191
1914	-0.21288785288	-0.058912650584
1915	-0.20965112039	-0.058032096642
1916	-0.20684140019	-0.057269300224
1917	-0.20235551125	-0.056041882999
1918	-0.19910565038	-0.055156218374
1919	-0.19758978056	-0.054750555866
1920	-0.19624112432	-0.054391016438
1921	-0.1942098112	-0.053842021376
1922	-0.19194357149	-0.053227582451
1923	-0.18865418817	-0.052329012841
1924	-0.18352354602	-0.050919103113
1925	-0.1767087499	-0.04904105582
1926	-0.16792446692	-0.046615299687
1927	-0.15686530824	-0.043556612496
1928	-0.14459915985	-0.040161098834
1929	-0.13085405946	-0.036352943992
1930	-0.11821183798	-0.032849281021
1931	-0.10699431895	-0.029739801851
1932	-0.097207166336	-0.027026389425
1933	-0.087891037653	-0.024442559199
1934	-0.077220378092	-0.021480593986
1935	-0.06928149261	-0.019277194049
1936	-0.065829183122	-0.018321339073
1937	-0.061472858597	-0.017113319569
1938	-0.057520147763	-0.016017063279
1939	-0.055975344716	-0.015590917176
1940	-0.055794797754	-0.015544634927
1941	-0.056459095167	-0.015733763101
1942	-0.057310383547	-0.01597510879
1943	-0.060359920859	-0.016829489011
1944	-0.065187089467	-0.018180070377
1945	-0.068723887634	-0.019171378092
1946	-0.074450856645	-0.020774323914
1947	-0.078224216416	-0.021832825833
1948	-0.081793662023	-0.022834938872
1949	-0.084987232352	-0.023732599038
1950	-0.090131695015	-0.02517563952
1951	-0.095871788427	-0.026785829643
1952	-0.099606832826	-0.027836501244
1953	-0.099798463321	-0.02789719625
1954	-0.093581187458	-0.026165942623
1955	-0.083714089784	-0.023413021577
1956	-0.073629985876	-0.020597980324
1957	-0.063559704748	-0.017785363761
1958	-0.054208454112	-0.015172557991
1959	-0.0430990468	-0.012066193754
1960	-0.033284628299	-0.0093208845846
1961	-0.023358404397	-0.0065428554387
1962	-0.012931884105	-0.0036232360785
1963	-0.0034116759309	-0.0009561217992
1964	0.0051679578942	0.0014486883873
1965	0.016688027497	0.0046791991172
1966	0.028956771453	0.0081213290942
1967	0.043301781579	0.012147674076
1968	0.058494910095	0.016414051172
1969	0.072568632128	0.020368400471
1970	0.084600560134	0.023751522506
1971	0.095856632486	0.026918481312
1972	0.10729684161	0.030138764145
1973	0.11887986857	0.033400800642
1974	0.13145586237	0.036943541296
1975	0.14245664131	0.040045268828
1976	0.1513113539	0.042545136588
1977	0.15936458381	0.044820846514
1978	0.16902527228	0.047549906485
1979	0.18002990655	0.050658509167
1980	0.19159853339	0.053927414562
1981	0.20541910158	0.05783195309
1982	0.2218615318	0.062476774611
1983	0.23871437808	0.067239531068
1984	0.25528849604	0.071926146308
1985	0.27316579795	0.076982367545
1986	0.28919750122	0.081520872001
1987	0.3048846444	0.085964494926
1988	0.31861588125	0.089858716807
1989	0.33154192136	0.093527735086
1990	0.34294734332	0.096769507227
1991	0.35340197727	0.099744538685
1992	0.36089855785	0.1018859519
1993	0.36894808166	0.10418456247
1994	0.37598191419	0.10619742114
1995	0.38181843777	0.10787300031
1996	0.3898267718	0.11016314208
1997	0.40110275055	0.11337806216
1998	0.41507115852	0.11735581914
1999	0.4284852547	0.12117878151
2000	0.44229732483	0.12511621167
