# 2d Ising Model MC	
# L	16
# beta	0.45
# n_thermalisation	1000
# n_measurements	100000
# Metropolis sweeps per MC update	0
# Cluster updates per MC update	1
# Acceptance during thermalisation: -nan%
# Average of maximum cluster size during thermalisation: 77.123046875%
# Acceptance during measurements: -nan%
# Average of maximum cluster size during thermalisation: 77.151085937%
# k 		 tau_run[k] 		 error
0	0.5	0.0022360679775
1	1.2132496466	0.009397791352
2	1.7267757697	0.017267757697
3	2.098677706	0.024831889496
4	2.3682021573	0.031772766049
5	2.5641699935	0.038032787253
6	2.7083765673	0.04367125993
7	2.8153282749	0.048762916122
8	2.8942413991	0.053367174499
9	2.9499296461	0.057504715184
10	2.9903593347	0.061284129751
11	3.0200667636	0.0647732159
12	3.0437486789	0.068060289524
13	3.0636970687	0.071193886349
14	3.0783430297	0.074136317477
15	3.0890865438	0.076917634639
16	3.0950470583	0.07951319861
17	3.0999907606	0.082018046192
18	3.1018099492	0.084378353096
19	3.1017489074	0.086627132596
20	3.1005641505	0.088786645403
21	3.0984211546	0.090863544616
22	3.0936063064	0.092808189191
23	3.0903074453	0.094747032143
24	3.0873700566	0.096649970457
25	3.0826234889	0.098451099161
26	3.0788691957	0.10024071855
27	3.0753294299	0.10199713826
28	3.072838463	0.10375096766
29	3.0675657608	0.10537434433
30	3.0600216267	0.10688196047
31	3.0484127357	0.10820791774
32	3.0384068069	0.10955131538
33	3.0325956783	0.11101122905
34	3.0268441237	0.11244226866
35	3.0201464359	0.11380783797
36	3.0136390642	0.11515098696
37	3.0070134983	0.11646113201
38	3.0013259174	0.11778053398
39	2.9975178681	0.1191489787
40	2.9968572867	0.12062117902
41	2.9982655522	0.12215862595
42	2.9984637793	0.12362982877
43	2.9979266061	0.12505343357
44	2.9976163455	0.12646957217
45	2.997386425	0.12787287513
46	2.9965214886	0.12923313166
47	2.9942496561	0.13051631663
48	2.9933147389	0.13184183807
49	2.9902260018	0.1330566573
50	2.9851996716	0.1341680383
51	2.9815788871	0.13532558546
52	2.9779415967	0.13646642782
53	2.9742170285	0.13758767836
54	2.9681845249	0.13858593087
55	2.9622363655	0.13957132339
56	2.9581620575	0.14062941881
57	2.9533051368	0.14163553873
58	2.9495175016	0.14267862199
59	2.9444049168	0.14364351133
60	2.9395783765	0.14460813565
61	2.9343338854	0.14553822784
62	2.9290359195	0.14645179597
63	2.9254774312	0.14743941885
64	2.9254992374	0.14859693178
65	2.9273373461	0.14983850079
66	2.932794767	0.15125944098
67	2.9399519029	0.15276438203
68	2.9500120639	0.15441840896
69	2.9581126553	0.15596857613
70	2.9653668462	0.15747186892
71	2.9736161051	0.15902592002
72	2.9810434543	0.16053410298
73	2.9882071543	0.16202587161
74	2.9971506535	0.16361258472
75	3.0058189565	0.16518335797
76	3.0152543673	0.16679563014
77	3.0247982406	0.16841363849
78	3.0326335057	0.16993575014
79	3.0403107209	0.17144764772
80	3.0458247108	0.17283545673
81	3.0497193955	0.17412802806
82	3.0516817951	0.17530577249
83	3.0483997803	0.17617535491
84	3.0450442697	0.17703207552
85	3.0416138663	0.17787590898
86	3.0378942986	0.17869430355
87	3.032661118	0.17941465129
88	3.0270686531	0.18010422536
89	3.019291545	0.18065357658
90	3.008008965	0.18098117835
91	2.9943005583	0.1811489971
92	2.9790085118	0.18120601353
93	2.9620797463	0.18114758465
94	2.9467204195	0.18116939436
95	2.9352420751	0.18141600776
96	2.9275123879	0.18188311933
97	2.9208005834	0.18240393797
98	2.9144727867	0.18293976441
99	2.9070747265	0.1833993244
100	2.8979814673	0.18374208084
101	2.888006794	0.18401839028
102	2.8786433438	0.18432310966
103	2.8709582839	0.18472558588
104	2.8620938226	0.18504272151
105	2.8545411339	0.18543535116
106	2.8458665927	0.18574594312
107	2.8361100546	0.18597617331
108	2.8264261275	0.18620121213
109	2.8183217892	0.18652095635
110	2.8099351776	0.18681314677
111	2.8034044451	0.18722040784
112	2.7992593571	0.18778002627
113	2.796724681	0.18844197248
114	2.7965316032	0.18925722616
115	2.7996008115	0.19029049617
116	2.8053007591	0.1915015915
117	2.8127688655	0.19283371813
118	2.8227514961	0.19433982938
119	2.8335071942	0.19590172851
120	2.8415331186	0.19727690295
121	2.8490823329	0.19862007169
122	2.8549330891	0.19984531624
123	2.8586208063	0.20091854517
124	2.861414538	0.20192749176
125	2.8633885017	0.20287668282
126	2.8658997505	0.20386198709
127	2.868503445	0.2048521205
128	2.8699005468	0.20575405664
129	2.8717257957	0.20668447173
130	2.8720152689	0.20750186095
131	2.8703217991	0.20817254966
132	2.8680671586	0.20879844084
133	2.8659138103	0.20942752185
134	2.8626193333	0.20996878632
135	2.8619095006	0.21069563561
136	2.8607518254	0.21138613837
137	2.8572484077	0.21189921318
138	2.8535673847	0.21239437699
139	2.8487733556	0.21280165352
140	2.8432360108	0.21314790521
141	2.8364868586	0.21339733498
142	2.8298088273	0.2136458813
143	2.8232116949	0.21389438827
144	2.8198046797	0.2143793482
145	2.817053027	0.21490994566
146	2.8144794914	0.21545019743
147	2.8109470651	0.21591294096
148	2.8063616025	0.2162902049
149	2.7996022989	0.2164945328
150	2.7935576759	0.21674839381
151	2.7883167571	0.21705931136
152	2.7828686207	0.21734898743
153	2.7754554205	0.21747955798
154	2.7664047565	0.21747531081
155	2.7584359493	0.2175495035
156	2.7509849649	0.21765837548
157	2.7441740711	0.21781206439
158	2.7387476775	0.21807036537
159	2.7348439758	0.21844539508
160	2.7320066729	0.21890176829
161	2.7307302415	0.21948005429
162	2.728848593	0.22000680713
163	2.7289587802	0.22069162376
164	2.729989818	0.22144912778
165	2.7318518446	0.22227270636
166	2.7335466023	0.22308152097
167	2.7341263052	0.22379788331
168	2.7357594631	0.22459902075
169	2.7376730782	0.2254220693
170	2.7398163994	0.22626305579
171	2.7430250951	0.22719137433
172	2.7464326739	0.22813583187
173	2.7494263993	0.22904553684
174	2.7522002426	0.22993640665
175	2.7547134166	0.23080487641
176	2.7579773091	0.23173575078
177	2.7601344345	0.23257306139
178	2.7622849249	0.2334089899
179	2.7673694497	0.23449272006
180	2.7765965339	0.23592902664
181	2.7868921586	0.23745891219
182	2.7984953656	0.23910354885
183	2.8095659899	0.2407061946
184	2.8188872188	0.24216193678
185	2.8260351654	0.24343303533
186	2.8315191087	0.2445619624
187	2.836387126	0.24563833061
188	2.8394360002	0.24655723852
189	2.8403059118	0.2472861087
190	2.8411145262	0.2480083062
191	2.8411850399	0.24866456607
192	2.8405596365	0.24925809651
193	2.8386479288	0.24973649468
194	2.8374754856	0.25027756248
195	2.8345801866	0.25066409117
196	2.8333596461	0.25119614907
197	2.8326667991	0.2517729323
198	2.8332779027	0.25246398074
199	2.8371422596	0.25344431753
200	2.840907233	0.25441589245
201	2.8433771486	0.25527129978
202	2.8417488767	0.25575739891
203	2.8363746013	0.25590324334
204	2.8303343007	0.25598492267
205	2.8253456857	0.25615775054
206	2.8224568337	0.25651769704
207	2.8176853302	0.25670335047
208	2.8135228148	0.25694103341
209	2.8074246621	0.25699822274
210	2.7977985951	0.25672756019
211	2.7848400751	0.25614473975
212	2.7728403991	0.25564325332
213	2.7597759536	0.25503674774
214	2.7473059694	0.25447825244
215	2.7362968447	0.25404862141
216	2.725351857	0.25361884821
217	2.7164753437	0.25337595219
218	2.7094832974	0.25330408548
219	2.7029825344	0.25327393475
220	2.697292646	0.25331584789
221	2.6945049446	0.25362721089
222	2.6905532999	0.25382629066
223	2.6896727637	0.25431279128
224	2.6890888878	0.25482575898
225	2.6896766375	0.25544848979
226	2.6911995783	0.25615922752
227	2.6975748471	0.25733223954
228	2.7052393533	0.25862993721
229	2.7134659146	0.25998345512
230	2.721744321	0.26134415167
231	2.7300888199	0.26271342709
232	2.7365123945	0.26389969836
233	2.7401153093	0.26481481458
234	2.7443866235	0.26579494252
235	2.7494095873	0.26684857879
236	2.7559779645	0.26805339311
237	2.7623173337	0.26923738967
238	2.7665146161	0.27021357067
239	2.7708499736	0.27120379743
240	2.7733383448	0.27201345855
241	2.7757590868	0.27281631181
242	2.7760036597	0.27340465302
243	2.7743769418	0.27380725086
244	2.7733320207	0.27426557105
245	2.7743776437	0.27492948598
246	2.7778124498	0.27582992257
247	2.783946346	0.27699916398
248	2.7900400835	0.27816573703
249	2.7952575287	0.27924608721
250	2.7997588496	0.28025572099
251	2.8040292068	0.2812428714
252	2.8055173633	0.28195100554
253	2.8054449738	0.28250148322
254	2.8028025133	0.28279152327
255	2.8001365628	0.2830770495
256	2.796219787	0.28323373863
257	2.791893069	0.28334620019
258	2.7885009835	0.28355092696
259	2.787296381	0.28397612431
260	2.7898219047	0.28478055978
261	2.7948536648	0.28584125891
262	2.7971752997	0.28662517579
263	2.7964847248	0.28709971201
264	2.7928556919	0.28727069821
265	2.7900060587	0.28751956636
266	2.7890169606	0.28795840388
267	2.786230696	0.28820994424
268	2.7837676312	0.28849289469
269	2.7808652909	0.28872828549
270	2.7791009595	0.2890799391
271	2.7785512756	0.28955650657
272	2.77865146	0.29009972924
273	2.7785312966	0.29061896645
274	2.7786926147	0.29116668159
275	2.7766793468	0.2914852125
276	2.7756000595	0.2919002397
277	2.7738990727	0.29224840175
278	2.7679849871	0.29215029266
279	2.7593938343	0.29176593948
280	2.7477411176	0.2910531079
281	2.7341143044	0.29012547353
282	2.7218159326	0.28933300239
283	2.7098116136	0.28856631066
284	2.6944999843	0.28744139799
285	2.6773499358	0.28611339464
286	2.6603279985	0.28479180885
287	2.6461209007	0.28376485326
288	2.6329676303	0.28284494689
289	2.6213926451	0.28208913316
290	2.6079621996	0.28112816404
291	2.5940075524	0.28010477436
292	2.5819464981	0.27928021469
293	2.5751814936	0.27902421252
294	2.5719070148	0.27914374982
295	2.5708691869	0.27950444399
296	2.5695407049	0.2798323028
297	2.5671111362	0.28003876351
298	2.5649082007	0.28026830661
299	2.5619669781	0.28041544905
300	2.5576673755	0.28041180805
301	2.5518685006	0.28024117489
302	2.5445955893	0.27990551483
303	2.5379058717	0.27963070259
304	2.5346794885	0.27973492691
305	2.5328715016	0.27999402296
306	2.5316819082	0.28032018633
307	2.5301670195	0.28060909697
308	2.5274388333	0.28076193951
309	2.5234352379	0.28077115317
310	2.5209881373	0.28095165841
311	2.5174866038	0.28101285638
312	2.5137893063	0.2810501885
313	2.5085539052	0.2809132382
314	2.5022012143	0.28064838737
315	2.4934413211	0.28011013945
316	2.4832533001	0.27940738075
317	2.4715037089	0.27852432282
318	2.460303974	0.27769846689
319	2.4502285592	0.27699506043
320	2.441201757	0.27640614023
321	2.4361236362	0.27626114647
322	2.4330966692	0.27634665961
323	2.4313232742	0.27657304145
324	2.4278091441	0.27659981739
325	2.4222070306	0.27638645304
326	2.4149424036	0.27598048006
327	2.4087113969	0.27568962036
328	2.4033824302	0.27549934114
329	2.39829183	0.2753339296
330	2.3937946668	0.27523434274
331	2.3898909405	0.27520089692
332	2.3854643162	0.27510516544
333	2.3813035291	0.27503798043
334	2.3782527213	0.2750971297
335	2.3770057379	0.27536357285
336	2.3765351743	0.27571905192
337	2.3766167951	0.27613791803
338	2.3761608046	0.27649364892
339	2.3764057129	0.27693029781
340	2.3758451938	0.27727243289
341	2.3744403228	0.2775150935
342	2.373589871	0.27782157152
343	2.3743263647	0.27831318497
344	2.376923859	0.27902291965
345	2.3808575237	0.27989002986
346	2.3835150342	0.28060765262
347	2.3844925246	0.28112752255
348	2.3865232836	0.2817714992
349	2.3886455572	0.28242640426
350	2.3915204117	0.2831705594
351	2.3934269701	0.2838002939
352	2.3930556713	0.28415961674
353	2.3899645627	0.28419482549
354	2.3839829535	0.28388422564
355	2.3751816157	0.28323480577
356	2.3629170828	0.28216831505
357	2.3506324124	0.28109475298
358	2.3372000017	0.27987909028
359	2.325043419	0.27881138933
360	2.3145140099	0.27793449043
361	2.3077517893	0.27750655294
362	2.2989113629	0.27682558605
363	2.2890834576	0.27602208376
364	2.2787875956	0.27515829438
365	2.2701148099	0.27448682788
366	2.2628278282	0.27397976965
367	2.2566848151	0.27360849295
368	2.2521531451	0.2734303137
369	2.2491848609	0.27344020355
370	2.2497496588	0.27387872439
371	2.2516630122	0.27448132308
372	2.2550821094	0.27526785187
373	2.2600038776	0.27623867551
374	2.2655294191	0.2772845123
375	2.2697305697	0.27816934846
376	2.2702457798	0.27860272695
377	2.2663465634	0.27849332821
378	2.2616305589	0.27828167019
379	2.254355844	0.27775274206
380	2.2433120315	0.27675597882
381	2.2295545552	0.27541993434
382	2.215795938	0.27407882092
383	2.2054372399	0.27315388602
384	2.1960523782	0.27234591279
385	2.1898906918	0.27193469721
386	2.1848661761	0.27166243319
387	2.1815584165	0.27160183253
388	2.1779639139	0.27150397166
389	2.1736800127	0.27131845707
390	2.1692118016	0.27110808749
391	2.1644348707	0.27085721022
392	2.1608462341	0.27075325709
393	2.1581166157	0.27075549067
394	2.1549291908	0.27069890787
395	2.1532450887	0.27082995956
396	2.1517321196	0.27098159471
397	2.1480262196	0.27085580033
398	2.1414336369	0.27036394741
399	2.1324894451	0.2695723085
400	2.1227555635	0.26867746601
401	2.1142059718	0.26792921131
402	2.1061082732	0.26723518133
403	2.0985882741	0.26661157906
404	2.0877784713	0.26556673461
405	2.0738658519	0.26412291732
406	2.0583191211	0.26246595559
407	2.04332951	0.26087484821
408	2.0308583341	0.25960057833
409	2.0220881376	0.25879568456
410	2.0151185992	0.25821840126
411	2.0102731285	0.25791106979
412	2.0056792474	0.25763416411
413	2.003520365	0.25766860951
414	1.9997430154	0.25749360745
415	1.9963966067	0.25737261356
416	1.9937999851	0.25734698642
417	1.988281388	0.25694258125
418	1.9826604275	0.25652285529
419	1.9777730511	0.25619605215
420	1.9733857113	0.25593222659
421	1.969796023	0.25577025791
422	1.9649543919	0.25544407094
423	1.9576312478	0.25479305825
424	1.9514205043	0.25428439373
425	1.9490869251	0.2542792876
426	1.9476296846	0.25438757691
427	1.9413911208	0.25386983116
428	1.9358659338	0.253443225
429	1.9297065691	0.25293146239
430	1.9224332671	0.25227130089
431	1.9174285565	0.25190662351
432	1.9154943957	0.25194395189
433	1.9150516382	0.25217674547
434	1.9150220353	0.25246353657
435	1.9157094411	0.25284461865
436	1.9155499806	0.25311367402
437	1.9153826746	0.25338131112
438	1.9169518663	0.25387854614
439	1.9190649547	0.25444804003
440	1.9220820387	0.25513783879
441	1.9264469332	0.2560073298
442	1.927842733	0.25648279392
443	1.9288957308	0.25691269189
444	1.9295587143	0.25729057439
445	1.9285862826	0.25745001608
446	1.9264813824	0.25745749752
447	1.92396505	0.25740898022
448	1.9217096194	0.2573943345
449	1.9202564963	0.25748627635
450	1.9178195259	0.25744539585
451	1.9149969179	0.25735164719
452	1.9148399694	0.25761537059
453	1.9167408795	0.25815589508
454	1.9172931871	0.2585148339
455	1.9174938463	0.25882615767
456	1.9171347315	0.25906158701
457	1.9163457465	0.25923844751
458	1.9162927668	0.25951443878
459	1.9184781142	0.26009356218
460	1.9208805965	0.26070249201
461	1.9213978198	0.26105567698
462	1.9162183399	0.26063387238
463	1.9072832648	0.25969887186
464	1.8947413089	0.25826929586
465	1.8785964765	0.25634410918
466	1.8622033599	0.2543799781
467	1.846488048	0.25250344291
468	1.83199623	0.25078951114
469	1.8198099725	0.2493870136
470	1.8112046614	0.24847193194
471	1.804912081	0.24787167188
472	1.8006960765	0.24755478223
473	1.7982925566	0.24748582767
474	1.7981208453	0.2477233702
475	1.798966458	0.24810089002
476	1.7979402212	0.24821995706
477	1.7940464846	0.2479421571
478	1.7889604959	0.24749801335
479	1.7821144029	0.24680836872
480	1.7731877762	0.24582804107
481	1.7652614323	0.24498369134
482	1.7603119584	0.24455035287
483	1.7568791236	0.24432624315
484	1.7548509032	0.24429642405
485	1.7508592022	0.24399213985
486	1.7479466575	0.24383699246
487	1.7456145129	0.24376180081
488	1.743109419	0.24366150892
489	1.7419500871	0.24374855542
490	1.7412596893	0.24390070048
491	1.7403901032	0.2440272702
492	1.7404077509	0.24427786852
493	1.7394821522	0.2443956948
494	1.7391342531	0.24459425516
495	1.7394833415	0.24489059086
496	1.7431988253	0.2456611874
497	1.7476870042	0.24654159143
498	1.7484905461	0.24690271495
499	1.7450783819	0.24666792497
500	1.7398221183	0.24617099684
501	1.733110163	0.24546616262
502	1.7253481514	0.24461031765
503	1.7162111843	0.24355691305
504	1.7071319287	0.24250889125
505	1.6994304687	0.24165399318
506	1.6921962666	0.24086320065
507	1.6852020141	0.24010432798
508	1.6796905045	0.23955472502
509	1.6742338198	0.23901117137
510	1.6698704458	0.23862209115
511	1.6689828845	0.2387287355
512	1.6710960322	0.23926453969
513	1.6743077055	0.2399581448
514	1.6794257294	0.2409258987
515	1.6859950213	0.24210324936
516	1.6921879877	0.2432281107
517	1.699230567	0.24447670556
518	1.7085105422	0.24604924625
519	1.7163486078	0.24741628049
520	1.7216658633	0.24842152934
521	1.7276635308	0.24952629483
522	1.7339968763	0.2506810204
523	1.7383832236	0.25155552528
524	1.7432710973	0.25250365663
525	1.7427675186	0.2526712407
526	1.7404058723	0.25256881313
527	1.7338177178	0.25185157105
528	1.7226197688	0.25046204277
529	1.7118540643	0.24913211569
530	1.7043061341	0.24826774345
531	1.6999409645	0.24786515034
532	1.7000795708	0.24811844481
533	1.7015067627	0.24855979788
534	1.7018269082	0.24883945219
535	1.7016473427	0.24904584077
536	1.7015031398	0.24925714349
537	1.7036013614	0.24979699431
538	1.7080243264	0.25067839261
539	1.7124725037	0.25156448398
540	1.7178803631	0.25259267964
541	1.7239977815	0.25372655847
542	1.7327800213	0.25525443633
543	1.7445840156	0.25723002438
544	1.7573872683	0.25935606805
545	1.7685040756	0.26123624832
546	1.7764556751	0.26265123943
547	1.7804592915	0.26348391378
548	1.7823314368	0.26400173369
549	1.7841907081	0.26451793113
550	1.7858276759	0.2650014233
551	1.788512884	0.26564082912
552	1.7902624815	0.26614165126
553	1.7931345366	0.26680974245
554	1.7975304011	0.26770532819
555	1.8014387535	0.26852920654
556	1.8055386324	0.26938249146
557	1.8101400379	0.27031155199
558	1.8156293291	0.27137433609
559	1.8214975995	0.27249506682
560	1.8285049031	0.27378769996
561	1.8352418529	0.27504147017
562	1.8383965058	0.27575947588
563	1.8420758724	0.27655688192
564	1.845778589	0.27735855923
565	1.8490789061	0.27810048392
566	1.8521772202	0.27881266096
567	1.8546285059	0.27942795944
568	1.8554106666	0.27979199129
569	1.8561425185	0.28014842106
570	1.857649021	0.28062184979
571	1.8618364549	0.28150080595
572	1.8673511195	0.28258150092
573	1.8735291551	0.2837639119
574	1.8806380983	0.28508885653
575	1.8855298992	0.28607906858
576	1.8874669459	0.28662165959
577	1.8876310377	0.28689507941
578	1.8889350007	0.28734172272
579	1.8887220917	0.28755755079
580	1.8882013941	0.28772620771
581	1.8864477506	0.28770647506
582	1.8831900856	0.28745649085
583	1.8794030972	0.28712457415
584	1.8752304711	0.28673248908
585	1.8713667972	0.28638638343
586	1.8663490508	0.28586229372
587	1.8616070124	0.28537895107
588	1.8572441395	0.28495233879
589	1.853354298	0.28459702105
590	1.8489564579	0.28416241201
591	1.8464453197	0.28401666349
592	1.844238664	0.28391693348
593	1.8430792241	0.28397778076
594	1.8397321612	0.28370077727
595	1.8387797756	0.28379229293
596	1.8380093252	0.28391146463
597	1.8356406148	0.28378315235
598	1.8323735423	0.28351502888
599	1.8279445752	0.28306593799
600	1.8220421303	0.28238714089
601	1.8142199717	0.28140885235
602	1.8052695351	0.28025319637
603	1.7957179788	0.27900164489
604	1.784953218	0.27755879055
605	1.7749564963	0.27623250542
606	1.7647138184	0.27486515334
607	1.7548323336	0.27355128845
608	1.746459107	0.27247001027
609	1.7374409005	0.27128569355
610	1.7282115653	0.2700658911
611	1.7213457118	0.26921318637
612	1.7158453619	0.26857228076
613	1.7112453759	0.26807083481
614	1.7090929601	0.26795176652
615	1.7101863478	0.26834126298
616	1.7103692678	0.26858788575
617	1.714563912	0.26946487041
618	1.7155190379	0.26983320363
619	1.7160527676	0.27013526865
620	1.716705017	0.27045596534
621	1.7163936265	0.27062471438
622	1.7170340027	0.27094339553
623	1.7186323847	0.27141335636
624	1.7201564328	0.27187179896
625	1.7190982109	0.27192199698
626	1.7167995933	0.27177539465
627	1.7157479361	0.27182559409
628	1.7158720018	0.27206177333
629	1.7164506611	0.27236994752
630	1.7194123575	0.27305654126
631	1.7224668722	0.27375846123
632	1.7254274043	0.2744460295
633	1.7272459697	0.2749523863
634	1.7300416307	0.27561469089
635	1.732693955	0.27625467317
636	1.7329864756	0.27651861509
637	1.7330785762	0.27675045521
638	1.73354649	0.27704220775
639	1.7336088381	0.27726904238
640	1.7321619501	0.27725415101
641	1.7323412115	0.27749921772
642	1.733697965	0.27793292697
643	1.7326910968	0.27798759427
644	1.7275015804	0.27737027038
645	1.7211208361	0.27656007304
646	1.7125937215	0.27540296261
647	1.7061332188	0.27457615613
648	1.7012643176	0.2740039219
649	1.6973489524	0.27358400949
650	1.6907143362	0.27272432864
651	1.6834950826	0.27176846279
652	1.6790008068	0.27125088167
653	1.6751184059	0.27083095567
654	1.6701229057	0.27022980853
655	1.6683171503	0.27014377104
656	1.6716576129	0.2708910717
657	1.6756967392	0.27175234401
658	1.6792789903	0.27254030638
659	1.682288896	0.27323603464
660	1.6867228784	0.27416381981
661	1.6939708622	0.27555027941
662	1.7006505049	0.27684584466
663	1.709736465	0.27853490915
664	1.716780071	0.27989307373
665	1.7217871894	0.28092054208
666	1.7258844918	0.28180052566
667	1.7275711464	0.28228745129
668	1.7245029239	0.28199709634
669	1.7229204242	0.28194896564
670	1.7223039388	0.28205849323
671	1.7217286827	0.28217447046
672	1.7220074162	0.28243021556
673	1.7230588446	0.28281269811
674	1.7260059148	0.28350665134
675	1.7284116489	0.28411218294
676	1.7295679545	0.28451261425
677	1.73086755	0.28493675981
678	1.7333586058	0.28555734978
679	1.7363209239	0.28625608348
680	1.7385757779	0.28683866008
681	1.7378281067	0.2869258935
682	1.7372122714	0.28703457421
683	1.7345697264	0.28680783913
684	1.73156799	0.28652087627
685	1.7280019167	0.28613958642
686	1.7216373464	0.28529354232
687	1.7168205175	0.28470247445
688	1.7137538752	0.28440054075
689	1.7107452239	0.28410734859
690	1.7062278952	0.28356255125
691	1.6997942051	0.28269780224
692	1.6926903925	0.28171982746
693	1.6861667937	0.28083663503
694	1.6801572928	0.28003741629
695	1.6743506792	0.27927045042
696	1.6699096623	0.27872988374
697	1.6661061286	0.27829458983
698	1.6604733018	0.27755247091
699	1.6544436627	0.27674248617
700	1.6481155473	0.27588095566
701	1.6409407519	0.27487594407
702	1.6354732143	0.27415526812
703	1.6284103036	0.27316552507
704	1.6215256962	0.27220389149
705	1.6152179503	0.27133738619
706	1.609832638	0.27062431029
707	1.6039617692	0.2698281342
708	1.5964109734	0.26874762027
709	1.5868201514	0.26732150813
710	1.5769666115	0.2658486964
711	1.5656175242	0.26412111481
712	1.55301249	0.2621786836
713	1.5385506919	0.25991945893
714	1.5248873833	0.25779167205
715	1.5101653582	0.25548141828
716	1.4932259113	0.25279216564
717	1.4778778796	0.25036839033
718	1.4629990615	0.24802041476
719	1.451743746	0.24628352368
720	1.4419980854	0.24480014572
721	1.4338253089	0.24358155878
722	1.426162533	0.24244763061
723	1.4202615838	0.24161150107
724	1.4150232605	0.24088667085
725	1.4083605343	0.23991784434
726	1.402399638	0.23906698033
727	1.398516435	0.23856903231
728	1.3924200939	0.23769226857
729	1.387096634	0.23694598912
730	1.3816577737	0.23617862543
731	1.3782688566	0.23576053254
732	1.375254449	0.23540564271
733	1.3713776239	0.23490221598
734	1.3669451221	0.23430252847
735	1.3619491215	0.23360504522
736	1.357245032	0.23295639228
737	1.3563857937	0.2329669106
738	1.3581556185	0.23342898417
739	1.3589890878	0.23373032037
740	1.3601799322	0.23409324947
741	1.3585467644	0.23396999501
742	1.3569228853	0.23384785564
743	1.3543769913	0.23356622917
744	1.3527066911	0.23343500675
745	1.3514664004	0.23337754795
746	1.3509173238	0.23343913898
747	1.3512227957	0.23364826342
748	1.3509037743	0.23374929682
749	1.3489285718	0.2335633888
750	1.347998164	0.23355794459
751	1.3464953177	0.23345293357
752	1.3460615706	0.23353295428
753	1.3435831414	0.23325779715
754	1.3408473022	0.232937248
755	1.3387143984	0.2327207803
756	1.3345824416	0.23215597662
757	1.3314679951	0.23176723834
758	1.3294070036	0.2315611782
759	1.329356565	0.2317049807
760	1.3314406236	0.23222095591
761	1.334308738	0.23287414833
762	1.3366501363	0.23343591069
763	1.3378410007	0.23379704513
764	1.3386384053	0.234089547
765	1.3381097428	0.23415008835
766	1.3371086538	0.2341276871
767	1.3354967605	0.23399793596
768	1.332892639	0.23369375189
769	1.3287753702	0.23312340476
770	1.3252940948	0.23266367308
771	1.3222337962	0.23227700329
772	1.3191652795	0.2318880945
773	1.3188387816	0.23198070512
774	1.3185815424	0.23208533486
775	1.3185109874	0.23222268918
776	1.3178691114	0.23225924219
777	1.3175103931	0.23234548861
778	1.316933655	0.23239308466
779	1.3123660049	0.23173574449
780	1.3033981759	0.23029979863
781	1.2907269926	0.22820695663
782	1.2755130227	0.22566128964
783	1.2607407956	0.22319029294
784	1.2452935106	0.22059628512
785	1.2312935826	0.21825525358
786	1.2203251867	0.21644867623
787	1.2113088639	0.21498599642
788	1.2053648602	0.21406682656
789	1.2010818331	0.21344140006
790	1.1995856161	0.21331047482
791	1.2023611174	0.21393920548
792	1.2044835373	0.21445219689
793	1.2066460689	0.21497272596
794	1.2087303555	0.2154797065
795	1.2104307737	0.21591859432
796	1.2094842959	0.21588532388
797	1.2067869328	0.21553903815
798	1.203054599	0.21500709608
799	1.1984323772	0.21431509607
800	1.1922837848	0.21334884759
801	1.1848611801	0.21215302561
802	1.1764063052	0.21077051647
803	1.1669159939	0.20920040868
804	1.1564299159	0.20744947395
805	1.1484841566	0.20615210633
806	1.1447595507	0.20561105291
807	1.1416139481	0.20517315061
808	1.1389067359	0.20481330672
809	1.1376665292	0.20471676181
810	1.1379383055	0.20489210403
811	1.1374135941	0.20492392818
812	1.1368278649	0.20494455792
813	1.1375558641	0.20520196151
814	1.1401855577	0.20580270356
815	1.1434274057	0.20651451206
816	1.1475107651	0.2073790395
817	1.1507835755	0.20809782025
818	1.1548499401	0.20896083435
819	1.1586871103	0.20978317322
820	1.1647935238	0.21101738445
821	1.1701965707	0.21212536402
822	1.1777286205	0.21362062341
823	1.1867785199	0.21539294518
824	1.1945021661	0.21692632921
825	1.1999322174	0.21804455627
826	1.2032702811	0.21878352487
827	1.2042734044	0.21909834257
828	1.2036471653	0.21911668527
829	1.2019808339	0.2189453538
830	1.1983418028	0.21841402565
831	1.1913387507	0.21726831225
832	1.1806691271	0.21545189781
833	1.1653108356	0.21277695156
834	1.1465082526	0.20946928549
835	1.1269505276	0.20601937912
836	1.1095199433	0.20295421779
837	1.0927581308	0.2000075777
838	1.0770900947	0.19725751655
839	1.0637180276	0.19492469597
840	1.052916916	0.1930602915
841	1.0417959102	0.19113477251
842	1.0319690772	0.18944433995
843	1.0212298208	0.18758410141
844	1.0088325208	0.18541672093
845	0.99532240091	0.18304192737
846	0.98328049709	0.18093429898
847	0.97124853381	0.17882582006
848	0.96215954456	0.17725684351
849	0.95403517277	0.17586364635
850	0.94881885464	0.17500500161
851	0.94379406307	0.17418051203
852	0.93836547523	0.17328030757
853	0.93195983798	0.17219833805
854	0.92696952404	0.17137658533
855	0.92225221759	0.17060419693
856	0.91719778953	0.16976833085
857	0.91127656737	0.1687707821
858	0.90444068691	0.16760240128
859	0.89515057791	0.16597742881
860	0.8856431941	0.16431008585
861	0.8775072736	0.16289522787
862	0.87006200845	0.16160684546
863	0.86124793366	0.16006241293
864	0.85419102954	0.15884278785
865	0.8472053396	0.1576348421
866	0.83987694079	0.15636153918
867	0.83103371854	0.15480442931
868	0.82469943315	0.15371300155
869	0.81934326777	0.15280257694
870	0.81525166275	0.15212692144
871	0.8102674691	0.15128368494
872	0.80276572461	0.14996901353
873	0.79601209116	0.14879252538
874	0.79132609394	0.14800125203
875	0.78747276168	0.14736474996
876	0.7841934041	0.14683484901
877	0.77871087232	0.14589143517
878	0.77380985805	0.14505581275
879	0.76942145169	0.14431524399
880	0.76708345417	0.14395849278
881	0.76870987541	0.14434562136
882	0.77189912371	0.14502667851
883	0.77722938762	0.14611085624
884	0.78450772033	0.14756254475
885	0.78994884456	0.14866996755
886	0.7931253347	0.14935205009
887	0.79414055512	0.14962754544
888	0.79067625743	0.14905872759
889	0.7829252022	0.14768053093
890	0.77436061812	0.14614710448
891	0.76686224656	0.14481315882
892	0.76241580065	0.14405422366
893	0.76108525457	0.14388336364
894	0.76134007083	0.14401205786
895	0.75827817145	0.14351303366
896	0.75406024402	0.1427944036
897	0.75021952651	0.14214630925
898	0.74789256127	0.14178433481
899	0.74818236704	0.14191818495
900	0.7490593707	0.14216349626
901	0.74937715906	0.14230275655
902	0.75282518788	0.1430367857
903	0.75839681868	0.14417520469
904	0.76714850969	0.14591963241
905	0.77494875958	0.14748478195
906	0.78427700925	0.14934248857
907	0.79467594125	0.15140610164
908	0.80473002261	0.1534061129
909	0.81413931044	0.15528520237
910	0.82059067802	0.15660172795
911	0.82674682846	0.15786318826
912	0.82974186854	0.1585219614
913	0.82840265934	0.15835280325
914	0.82254500745	0.15731912465
915	0.81174390841	0.15533817847
916	0.79928709379	0.15303791166
917	0.78693659998	0.15075536506
918	0.77480333415	0.14851183249
919	0.76375145957	0.14647311432
920	0.75550418115	0.14497020875
921	0.74977701412	0.14394937632
922	0.74599623971	0.14330119811
923	0.74474945173	0.14313921717
924	0.74108968783	0.14251291507
925	0.73750104499	0.14189949414
926	0.73314375764	0.14113731418
927	0.72903331075	0.14042173258
928	0.72297921801	0.13933068216
929	0.71719487351	0.13829034793
930	0.71240745949	0.13744110642
931	0.70943886226	0.13694191609
932	0.70730209189	0.1366027236
933	0.70543460416	0.13631508428
934	0.706632824	0.13661974036
935	0.70861137477	0.13707555439
936	0.71264862214	0.13793019059
937	0.71443706601	0.13835014293
938	0.71364323991	0.13827010428
939	0.71111985325	0.13785457747
940	0.70668206076	0.13706717516
941	0.70143548858	0.13612186563
942	0.69457147357	0.1348613857
943	0.68808569281	0.13367293251
944	0.68326023684	0.13280582497
945	0.67998270855	0.13223871832
946	0.67816669162	0.13195527626
947	0.67614615746	0.1316316088
948	0.67473181786	0.13142556527
949	0.67428889357	0.13140850865
950	0.67371017537	0.1313648466
951	0.6720788866	0.13111568379
952	0.6706272049	0.13090120819
953	0.66926461661	0.13070379851
954	0.66891655867	0.13070431002
955	0.66912664484	0.13081383123
956	0.67119428616	0.13128670044
957	0.67162437051	0.13143948037
958	0.66987847202	0.13116624182
959	0.66742520265	0.1307540312
960	0.66387457148	0.13012619006
961	0.65941952531	0.12932022226
962	0.65621795809	0.12875926114
963	0.65391656857	0.12837433195
964	0.64798585608	0.1272760352
965	0.6414640809	0.126060341
966	0.63604651164	0.12506039612
967	0.63312335234	0.12455002384
968	0.63181311922	0.12435648779
969	0.63084647933	0.12423031489
970	0.63080599791	0.12428639167
971	0.63245321886	0.12467512301
972	0.63244975277	0.12473858919
973	0.63114275489	0.12454479288
974	0.6269881852	0.12378849263
975	0.6219592786	0.1228586061
976	0.61667677998	0.12187755004
977	0.61313236222	0.12123907612
978	0.61240939553	0.12115804463
979	0.61396880219	0.12152860691
980	0.6169931657	0.12218957328
981	0.62050657749	0.12294801944
982	0.62448510548	0.12379934865
983	0.62985306914	0.12492703359
984	0.63521942632	0.12605545001
985	0.64106421599	0.12727990584
986	0.64400723741	0.12792908348
987	0.64614296907	0.12841837521
988	0.64904487726	0.12906041551
989	0.65134063715	0.12958241502
990	0.65337591406	0.13005299447
991	0.65382010139	0.13020708718
992	0.65358951023	0.13022678734
993	0.65240133194	0.13005551418
994	0.65509581215	0.13065836295
995	0.66033936438	0.13177038511
996	0.66722098546	0.13321046505
997	0.6758990743	0.13501073435
998	0.68548981906	0.13699510175
999	0.69444415118	0.13885410369
1000	0.70255580756	0.14054628491
1001	0.7076109285	0.14162828757
1002	0.7116410427	0.14250600774
1003	0.71564096225	0.143378448
1004	0.720635298	0.14445098148
1005	0.72254348582	0.14490555116
1006	0.72592696692	0.14565648163
1007	0.73093724922	0.14673462874
1008	0.73851653145	0.14832971704
1009	0.74507099318	0.14972034295
1010	0.7494882104	0.1506825497
1011	0.75334397744	0.15153266454
1012	0.75353512862	0.15164601939
1013	0.75110601646	0.15123179709
1014	0.74893426744	0.15086889987
1015	0.74583389194	0.15031837564
1016	0.74239080759	0.14969809471
1017	0.73940548286	0.14916944409
1018	0.73690939267	0.14873891339
1019	0.7308388278	0.14758602066
1020	0.72559506126	0.146598936
1021	0.72461854311	0.14647335344
1022	0.72701940867	0.14703057615
1023	0.73049579886	0.14780585628
1024	0.73326854302	0.14843934569
1025	0.7365905848	0.14918459903
1026	0.7388450635	0.14971414985
1027	0.73906333405	0.14983130695
1028	0.73892883866	0.14987692013
1029	0.73875176353	0.14991383073
1030	0.7394049322	0.15011923304
1031	0.73935277867	0.15018145972
1032	0.73927145482	0.15023771273
1033	0.7396155776	0.15038041733
1034	0.74141283085	0.15081875132
1035	0.74433878083	0.15148711476
1036	0.74475220852	0.15164442498
1037	0.74317040131	0.15139532088
1038	0.74194885599	0.15121929731
1039	0.74077021605	0.15105174785
1040	0.74092737405	0.15115644813
1041	0.738639895	0.15076217478
1042	0.73406142861	0.14989958555
1043	0.72974768193	0.14909014821
1044	0.72332676884	0.14784912396
1045	0.71467306907	0.14615020578
1046	0.70561240692	0.14436629817
1047	0.69702263447	0.14267697491
1048	0.69040672535	0.14139017315
1049	0.68512773163	0.1403759679
1050	0.68111823367	0.13962093134
1051	0.67421972504	0.138272587
1052	0.66526107613	0.13650016046
1053	0.65573781092	0.13461005204
1054	0.64642199596	0.1327606633
1055	0.63736792084	0.13096321134
1056	0.62889527009	0.12928349221
1057	0.62180218418	0.12788583014
1058	0.61755224655	0.12707178565
1059	0.61520316536	0.12664820461
1060	0.61287212622	0.1262278549
1061	0.60827365938	0.12533980224
1062	0.60418072325	0.12455504695
1063	0.59938777282	0.12362509038
1064	0.59398252811	0.12256783051
1065	0.59025548742	0.12185595452
1066	0.58680238541	0.12119990968
1067	0.58183958163	0.120231205
1068	0.5748729758	0.11884725417
1069	0.56731828717	0.1173402943
1070	0.56001071836	0.11588298426
1071	0.55037118895	0.11394145856
1072	0.54055032945	0.11196048793
1073	0.529962036	0.10981856891
1074	0.52084773213	0.10798016408
1075	0.51066111602	0.10591756624
1076	0.49811842097	0.10336407332
1077	0.48624179732	0.10094642036
1078	0.47554043093	0.098770560293
1079	0.4691419783	0.097486754869
1080	0.46675636738	0.097035943396
1081	0.46423533505	0.096556485785
1082	0.46515910605	0.096793339841
1083	0.47100281084	0.09805459549
1084	0.48130596587	0.10024576138
1085	0.49299371428	0.10272739886
1086	0.50279331698	0.10481763524
1087	0.5104336055	0.10645936903
1088	0.51773304757	0.10803142377
1089	0.52731048632	0.11008040556
1090	0.53971449779	0.11272154036
1091	0.55322671938	0.11559658732
1092	0.56618093626	0.11835754838
1093	0.57755756612	0.12079102509
1094	0.58609398072	0.12263237514
1095	0.59167573431	0.12385682561
1096	0.59706759066	0.1250425471
1097	0.60057809915	0.12583508626
1098	0.60310708842	0.12642252471
1099	0.60711667886	0.12732092249
1100	0.61338536239	0.12869403776
1101	0.61991010537	0.13012206968
1102	0.62966156221	0.13222892806
1103	0.64142571386	0.13476047423
1104	0.65292761323	0.13723910959
1105	0.66467365255	0.13977124478
1106	0.67626760179	0.14227358888
1107	0.68806071351	0.14482002715
1108	0.69616099371	0.1465910752
1109	0.70274347059	0.14804388318
1110	0.70965985612	0.1495682857
1111	0.71624796654	0.15102475198
1112	0.72381671125	0.15268930251
1113	0.72997017891	0.1540565702
1114	0.73609754926	0.15541946293
1115	0.74296641906	0.15694011544
1116	0.74998677337	0.15849405022
1117	0.75737092818	0.16012619808
1118	0.76264326054	0.16131302178
1119	0.76637842041	0.16217552483
1120	0.76787269206	0.16256428907
1121	0.7685257779	0.1627751386
1122	0.76976140557	0.16310951752
1123	0.77153757748	0.16355868761
1124	0.77376564238	0.16410400012
1125	0.77775804828	0.16502405681
1126	0.78155413159	0.16590315952
1127	0.78616779424	0.16695657223
1128	0.78910413723	0.16765445482
1129	0.78815647119	0.16752728838
1130	0.787679043	0.16749990682
1131	0.7875720269	0.16755120564
1132	0.78823342223	0.16776599874
1133	0.79019224963	0.16825714814
1134	0.79250482046	0.16882398926
1135	0.79604274767	0.16965237938
1136	0.79909241783	0.17037729763
1137	0.80521673518	0.17175859971
1138	0.81306311657	0.17350850728
1139	0.82356565919	0.17582692855
1140	0.83638223631	0.17864153461
1141	0.84709378882	0.18100870068
1142	0.85838117844	0.18350093708
1143	0.86921010974	0.18589720027
1144	0.8791127426	0.18809726002
1145	0.89045332719	0.19060693744
1146	0.90120294221	0.1929921419
1147	0.91095744234	0.19516612128
1148	0.91625067609	0.19638567399
1149	0.91905029111	0.19707147196
1150	0.92029587874	0.1974243807
1151	0.92141526393	0.19775039934
1152	0.92241319585	0.19805051222
1153	0.92506558593	0.19870615503
1154	0.92964518571	0.19977640279
1155	0.93331534195	0.20065194572
1156	0.93526040744	0.20115709904
1157	0.93436907563	0.20105225656
1158	0.93109140054	0.20043350925
1159	0.92641884192	0.19951371322
1160	0.92318563185	0.1989031242
1161	0.91853546855	0.19798647966
1162	0.91446831268	0.19719465437
1163	0.91115308582	0.1965642528
1164	0.90853549839	0.19608376756
1165	0.90671248941	0.19577432376
1166	0.90319027731	0.19509746259
1167	0.89995951067	0.19448289525
1168	0.89762966669	0.19406246862
1169	0.89597772049	0.19378819576
1170	0.89730013012	0.194157171
1171	0.89851095732	0.19450220083
1172	0.89788159615	0.19444890027
1173	0.8964204544	0.19421523751
1174	0.89347577788	0.1936597155
1175	0.89104827221	0.19321575878
1176	0.88867438085	0.19278295003
1177	0.88377632705	0.19180186152
1178	0.87739241045	0.19049722888
1179	0.87344712433	0.18972107972
1180	0.87216647344	0.18952319952
1181	0.87333991111	0.18985855285
1182	0.87484455691	0.19026612111
1183	0.87586234247	0.19056800221
1184	0.8757653526	0.19062738382
1185	0.87507916246	0.19055840861
1186	0.87485855411	0.19059070193
1187	0.87534564227	0.19077715977
1188	0.8752529354	0.19083725659
1189	0.87324852319	0.19048030539
1190	0.87072326157	0.19000929318
1191	0.86644478663	0.18915503759
1192	0.86371703302	0.18863864741
1193	0.86116748965	0.18816066251
1194	0.85942844843	0.18785934256
1195	0.85879277503	0.18779895355
1196	0.85715993807	0.18752026667
1197	0.85366875414	0.18683452939
1198	0.85248536561	0.18665341801
1199	0.84988995928	0.1861627648
1200	0.84463620309	0.1850890687
1201	0.8398267971	0.18411179457
1202	0.8343762293	0.18299299327
1203	0.8319826157	0.18254388734
1204	0.83048126451	0.18229016462
1205	0.82782472335	0.18178246812
1206	0.82405824906	0.18103042456
1207	0.82063182939	0.1803523988
1208	0.81812924017	0.17987683516
1209	0.81532258732	0.17933390526
1210	0.81222220728	0.17872580098
1211	0.80901462149	0.17809350273
1212	0.80575439889	0.17744899926
1213	0.80227680835	0.1767559834
1214	0.79994495571	0.17631483677
1215	0.7987120942	0.17611556399
1216	0.79895918202	0.17624249995
1217	0.80323568709	0.17725866583
1218	0.81002625067	0.17883060911
1219	0.81899638197	0.18088513619
1220	0.82901074923	0.18317198396
1221	0.84179330233	0.18607250198
1222	0.85232733129	0.18847807808
1223	0.86141088346	0.19056464802
1224	0.86833977749	0.19217597199
1225	0.8726418897	0.19320693464
1226	0.87371351637	0.19352310623
1227	0.87503961943	0.19389582738
1228	0.87744906928	0.19450890713
1229	0.88232909012	0.19567027718
1230	0.88549891957	0.1964530792
1231	0.88865149821	0.19723259154
1232	0.89275649545	0.19822411078
1233	0.89682962188	0.19920925759
1234	0.90026661503	0.20005374608
1235	0.90489935208	0.20116464159
1236	0.909707692	0.20231539111
1237	0.91308967347	0.20314962765
1238	0.91517575907	0.20369600396
1239	0.91575177041	0.20390648028
1240	0.9126083176	0.20328849591
1241	0.91104743351	0.20302258195
1242	0.90946287324	0.20275107663
1243	0.90939811811	0.2028182082
1244	0.91147214368	0.20336248797
1245	0.91336753967	0.20386723591
1246	0.91451244974	0.20420471203
1247	0.91569961335	0.2045517991
1248	0.91530527885	0.20454564441
1249	0.90984057322	0.20340584366
1250	0.90228341432	0.20179705225
1251	0.89296391625	0.19979256958
1252	0.88279680702	0.19759666785
1253	0.87258516251	0.19538894537
1254	0.86147320032	0.19297768844
1255	0.85183494835	0.19089467246
1256	0.84209796464	0.18878777142
1257	0.83484281957	0.18723572156
1258	0.82992722418	0.18620726301
1259	0.82563048781	0.18531680465
1260	0.8225293091	0.18469400665
1261	0.82240611795	0.18473958152
1262	0.82637706317	0.18570514816
1263	0.83129651591	0.18688462744
1264	0.83478979646	0.18774420666
1265	0.8407891271	0.18916821127
1266	0.84688015855	0.19061389275
1267	0.85321886855	0.19211639594
1268	0.8615642205	0.19407200224
1269	0.87163880681	0.19641873322
1270	0.87898687865	0.19815257593
1271	0.88390335038	0.19933931337
1272	0.88616165851	0.19992718296
1273	0.88851939648	0.20053786328
1274	0.88773343772	0.20043912309
1275	0.88712140564	0.20037949869
1276	0.8856365266	0.20012250259
1277	0.88182490175	0.19933924486
1278	0.87818683109	0.19859452994
1279	0.87382127542	0.19768456223
1280	0.86894734855	0.19665873871
1281	0.86383873323	0.19557888874
1282	0.8571211491	0.194133683
1283	0.85140496524	0.19291416199
1284	0.84609662813	0.19178604986
1285	0.84159339214	0.19083953649
1286	0.83512807234	0.18944710515
1287	0.82952605431	0.18824941953
1288	0.82371989154	0.18700437228
1289	0.81699515936	0.18554965547
1290	0.81083546225	0.18422210253
1291	0.80446966486	0.18284659329
1292	0.7996927684	0.18183121482
1293	0.79963466429	0.1818883255
1294	0.80164298583	0.18241561848
1295	0.80380586488	0.18297842075
1296	0.80650789134	0.18366435474
1297	0.8101600084	0.18456718158
1298	0.81564081308	0.18588738654
1299	0.81963640682	0.18686991082
1300	0.82244114523	0.18758149944
1301	0.82435031513	0.18808921339
1302	0.82465908337	0.1882319358
1303	0.82481473718	0.18833972216
1304	0.82546837891	0.18856126316
1305	0.82552816432	0.18864718469
1306	0.82627897758	0.18889106105
1307	0.82650950014	0.18901605483
1308	0.82686236033	0.18916904962
1309	0.82726678615	0.18933388015
1310	0.82990181003	0.19000945842
1311	0.83429474955	0.19108810499
1312	0.84197372103	0.19292041549
1313	0.85237804267	0.19537873255
1314	0.86503959498	0.19835642736
1315	0.87717973915	0.2012166961
1316	0.888155195	0.20381178276
1317	0.89681461395	0.20587707257
1318	0.90203430437	0.20715390134
1319	0.90520149045	0.20796006922
1320	0.90699819071	0.20845178537
1321	0.90886927126	0.20896088533
1322	0.90972000111	0.20923560026
1323	0.91029022695	0.20944589291
1324	0.91185282034	0.20988467187
1325	0.9131122813	0.21025389297
1326	0.91716888875	0.21126761882
1327	0.91961587553	0.21191110716
1328	0.92089575286	0.21228594679
1329	0.92165720191	0.21254142477
1330	0.92470046559	0.2133234071
1331	0.93106179487	0.2148716344
1332	0.93793154162	0.21653831126
1333	0.94529164037	0.2183193969
1334	0.95359531123	0.22031973053
1335	0.95969645975	0.22181240698
1336	0.9643680837	0.22297558188
1337	0.96853208142	0.22402211947
1338	0.97243820355	0.22500967676
1339	0.97486842683	0.22565624638
1340	0.97757761734	0.22636780215
1341	0.981379653	0.22733294792
1342	0.9837283251	0.22796192692
1343	0.98500822356	0.22834351778
1344	0.98932058539	0.22942854175
1345	0.99325084815	0.2304256341
1346	0.99830952829	0.23168525267
1347	1.0043481909	0.23317322756
1348	1.0134007857	0.23536219613
1349	1.0260539754	0.23838923913
1350	1.0404510195	0.241823738
1351	1.0561154175	0.24555535149
1352	1.0730953131	0.24959560315
1353	1.0876242395	0.25306844917
1354	1.1021234367	0.25653683841
1355	1.1174297838	0.26019563068
1356	1.1319090063	0.26366434837
1357	1.1466393529	0.26719403444
1358	1.1628476001	0.27107072539
1359	1.1799451299	0.27515753725
1360	1.1981529184	0.27950624686
1361	1.215905601	0.28375183419
1362	1.235570687	0.28844688121
1363	1.257239342	0.29361316833
1364	1.2801617553	0.2990760349
1365	1.301477714	0.30416734275
1366	1.3223432228	0.30915694526
1367	1.3427339772	0.31403904053
1368	1.3599468593	0.31818106778
1369	1.3756931548	0.32198273886
1370	1.3881556994	0.32501821149
1371	1.3967144934	0.32714142521
1372	1.4039199358	0.32894895671
1373	1.413002675	0.33119769955
1374	1.4214130569	0.33329029539
1375	1.4291931721	0.33523644438
1376	1.4331604228	0.33628919219
1377	1.434311949	0.33668162597
1378	1.4352910848	0.33703373105
1379	1.4380353997	0.33780060662
1380	1.4397272371	0.33832058412
1381	1.4409344491	0.33872688218
1382	1.4422897002	0.33916815408
1383	1.442667995	0.33937978849
1384	1.4448450856	0.34001475271
1385	1.447826253	0.340839334
1386	1.4506778656	0.34163386734
1387	1.4536488359	0.34245695944
1388	1.4567640273	0.34331449998
1389	1.4596499313	0.34411846928
1390	1.4627685213	0.34497776011
1391	1.465754018	0.34580613538
1392	1.4694469318	0.34680192862
1393	1.4724231626	0.34762909906
1394	1.4756758464	0.34852202107
1395	1.4767306638	0.34889617564
1396	1.4752685823	0.34867560197
1397	1.4722823653	0.34809438203
1398	1.4708860735	0.34788865569
1399	1.4737973515	0.34870182377
1400	1.4772913576	0.34965336277
1401	1.4816429851	0.35080850665
1402	1.4853619248	0.35181448617
1403	1.4914192967	0.35337511437
1404	1.4994096519	0.35539488221
1405	1.5075389202	0.35744889083
1406	1.5175073988	0.35994047141
1407	1.5289841355	0.36279156136
1408	1.5415836092	0.36591103367
1409	1.5547135701	0.36915854451
1410	1.5671917534	0.37225340473
1411	1.5761976157	0.37452525047
1412	1.5830424878	0.37628490372
1413	1.5919700816	0.37854089423
1414	1.6000157958	0.38058857042
1415	1.6064666024	0.38225804447
1416	1.6124343667	0.38381357493
1417	1.6181657664	0.38531377782
1418	1.6229443282	0.38658792805
1419	1.6254808843	0.38732859514
1420	1.6261251974	0.38761858703
1421	1.6271447648	0.38799811967
1422	1.6298752218	0.38878588616
1423	1.6348904732	0.39011926251
1424	1.6431229402	0.39222139635
1425	1.6543255726	0.39503410304
1426	1.6690452702	0.39868876737
1427	1.6855458844	0.40277140838
1428	1.7008667246	0.40657474924
1429	1.716131017	0.41036708209
1430	1.7284032136	0.41344618781
1431	1.7386515873	0.4160430133
1432	1.7435717376	0.41736606205
1433	1.7458754425	0.41806335408
1434	1.7446362408	0.41791230785
1435	1.7413650214	0.41727408228
1436	1.7397833667	0.41704026248
1437	1.7387388108	0.41693491999
1438	1.7357536821	0.41636385796
1439	1.732302366	0.41568038231
1440	1.7296546611	0.41518918135
1441	1.7289884554	0.41517329661
1442	1.7284065009	0.41517748875
1443	1.7293072893	0.41553782462
1444	1.7306252366	0.41599853502
1445	1.7342663442	0.41701803715
1446	1.7381596934	0.41809876951
1447	1.7442422017	0.419706864
1448	1.7489396973	0.42098253688
1449	1.7555182146	0.4227118721
1450	1.7647745903	0.42508727474
1451	1.7745611738	0.42759192099
1452	1.786458043	0.43060680314
1453	1.7980079197	0.43353994089
1454	1.8081467098	0.43613458178
1455	1.8168622145	0.43838743049
1456	1.8220795107	0.4397973059
1457	1.8261852906	0.44093961414
1458	1.8274463855	0.44139545469
1459	1.8267296591	0.44137357196
1460	1.8238765263	0.44083514444
1461	1.82446829	0.44112911746
1462	1.8289537004	0.44236488427
1463	1.8338722865	0.4437061482
1464	1.8383672416	0.44494564078
1465	1.8420590042	0.44599135889
1466	1.8442290525	0.44666907841
1467	1.8448342713	0.44696797623
1468	1.8417940572	0.44638340269
1469	1.835242132	0.4449468758
1470	1.8274959991	0.4432195872
1471	1.8194944117	0.44142899379
1472	1.8122828399	0.43982876157
1473	1.805816213	0.43840814452
1474	1.8026812474	0.43779553207
1475	1.8050155366	0.43851105547
1476	1.8100728479	0.43988866886
1477	1.8167810788	0.44166841086
1478	1.824298415	0.44364597008
1479	1.8305620392	0.44531972526
1480	1.8329812308	0.44605891068
1481	1.8352744062	0.44676776626
1482	1.8356594149	0.4470122788
1483	1.8375283771	0.44761829189
1484	1.8411293672	0.44864662181
1485	1.8450353986	0.44974984942
1486	1.8473524821	0.45046621132
1487	1.8492891427	0.45109010722
1488	1.8490378079	0.45118038091
1489	1.8489787446	0.45131749408
1490	1.8487909646	0.45142311769
1491	1.8489832812	0.45162149986
1492	1.8540553965	0.45301217244
1493	1.8581989785	0.45417667457
1494	1.8611387613	0.45504747563
1495	1.8644515635	0.45600994028
1496	1.867299389	0.45685913312
1497	1.872167359	0.45820316034
1498	1.877992683	0.45978231768
1499	1.8838295306	0.4613651978
1500	1.8912213831	0.46332994027
1501	1.9000811722	0.4656555875
1502	1.9100409769	0.46825230128
1503	1.9217482676	0.4712791323
1504	1.9321644116	0.47399108166
1505	1.9414259244	0.47642133329
1506	1.9488392404	0.47839934829
1507	1.952020461	0.47933928273
1508	1.9507861375	0.47919503951
1509	1.9503894145	0.47925636068
1510	1.9505378917	0.47945157754
1511	1.9498952822	0.47945224876
1512	1.9504053016	0.4797362722
1513	1.9475905039	0.47920225895
1514	1.9429729524	0.47822402395
1515	1.9406539773	0.47781092187
1516	1.9394812989	0.47767971531
1517	1.9370552809	0.47723947646
1518	1.9367638532	0.47732487208
1519	1.9362138049	0.47734640937
1520	1.9375781156	0.47783991942
1521	1.9392780111	0.47841638725
1522	1.9429974924	0.4794914709
1523	1.9488632972	0.48109694776
1524	1.9545371562	0.4826559239
1525	1.9579799046	0.48366463321
1526	1.9620078022	0.48481844029
1527	1.9667728226	0.48615505243
1528	1.9730341816	0.4878623758
1529	1.9814761326	0.4901100204
1530	1.9897185019	0.49230959594
1531	1.9974932869	0.49439472081
1532	2.0037208424	0.49609797343
1533	2.0108292064	0.49802032844
1534	2.0195013287	0.50033119946
1535	2.0302388523	0.50315528713
1536	2.041801405	0.50618558848
1537	2.052397524	0.50897803409
1538	2.0641523247	0.51205957212
1539	2.0773912652	0.51551124546
1540	2.0909090799	0.51903422438
1541	2.1037564927	0.52239285649
1542	2.1161652819	0.52564455136
1543	2.131627673	0.52965693402
1544	2.1496847654	0.5343166784
1545	2.1674081817	0.53889630872
1546	2.1807322572	0.54238454436
1547	2.1888369678	0.5445763033
1548	2.1929564468	0.54577747401
1549	2.1934872968	0.54608583261
1550	2.1920527106	0.54590475106
1551	2.1898642861	0.54553558729
1552	2.1907956725	0.54594346835
1553	2.1903801327	0.54601568193
1554	2.1898089642	0.54604896482
1555	2.188136616	0.54580742201
1556	2.1877705463	0.54589149665
1557	2.1895182078	0.54650304289
1558	2.1939021026	0.54777302709
1559	2.1966733037	0.54864087104
1560	2.1985580622	0.54928763363
1561	2.202315089	0.55040255885
1562	2.2062303982	0.55155759954
1563	2.2108254675	0.55288320463
1564	2.2161739558	0.55439796339
1565	2.2235124173	0.55641149141
1566	2.2345923659	0.55936270397
1567	2.2488221103	0.56310433795
1568	2.2651460304	0.56737273593
1569	2.2797783834	0.57121984507
1570	2.2905335252	0.57409745114
1571	2.2987634802	0.57634360324
1572	2.3067344422	0.57852605488
1573	2.3143576667	0.58062247951
1574	2.3209257133	0.58245525543
1575	2.3258869329	0.58388564509
1576	2.3286098716	0.58475469497
1577	2.330991219	0.58553831298
1578	2.3369359127	0.58721763743
1579	2.34704179	0.58994378907
1580	2.3620193644	0.59389640924
1581	2.3800917932	0.59862975627
1582	2.4022652494	0.60439771525
1583	2.425275561	0.61037975423
1584	2.446659397	0.61595591802
1585	2.4668129875	0.6212256013
1586	2.4853381468	0.62608820144
1587	2.5022665362	0.63055130756
1588	2.5194047039	0.63506991737
1589	2.5353376757	0.63928729277
1590	2.5482628142	0.64274846653
1591	2.5590149499	0.64566335758
1592	2.5686790358	0.64830527816
1593	2.5776033447	0.65076189657
1594	2.5849773511	0.65282834055
1595	2.5909689522	0.65454665646
1596	2.5968939482	0.65624902535
1597	2.6040188787	0.65825559252
1598	2.6116549271	0.66039246577
1599	2.6194243946	0.6625642297
1600	2.6285005131	0.66506776867
1601	2.6357098106	0.66710018373
1602	2.6406117315	0.66854949202
1603	2.6441251011	0.6696478469
1604	2.6445097664	0.66995407278
1605	2.6451279559	0.67031947325
1606	2.6450574919	0.67051033566
1607	2.6466398098	0.67112022528
1608	2.6493144141	0.67200736164
1609	2.6550740952	0.67367763796
1610	2.6651140617	0.67643514057
1611	2.6785857014	0.68006542689
1612	2.6954310931	0.68455459692
1613	2.7145466593	0.68962308584
1614	2.7323098052	0.6943508332
1615	2.7491514018	0.69884704782
1616	2.766118409	0.70337773541
1617	2.7797312659	0.70705785649
1618	2.7919213961	0.71037805134
1619	2.804041569	0.71368228929
1620	2.8123950654	0.71602937675
1621	2.8170426933	0.71743391172
1622	2.8206722985	0.71857976229
1623	2.8258367944	0.72011725577
1624	2.8351879891	0.72272273027
1625	2.8456117285	0.72560309207
1626	2.859237784	0.72930183073
1627	2.8740536237	0.7333062072
1628	2.8872489476	0.73689924038
1629	2.8994992557	0.74025300606
1630	2.9100664707	0.74317878956
1631	2.9191332959	0.7457228682
1632	2.9293129874	0.7485526768
1633	2.9407292097	0.75170008682
1634	2.9509585809	0.75454574083
1635	2.9592990615	0.7569097966
1636	2.9672530663	0.75917620557
1637	2.9723447861	0.76071124355
1638	2.9788245449	0.7626023552
1639	2.9845728144	0.76430708416
1640	2.9912834664	0.76625916769
1641	2.998104816	0.76824059326
1642	3.0046063644	0.77014104093
1643	3.0109656005	0.7720059432
1644	3.0173356152	0.77387453056
1645	3.023877508	0.77578813587
1646	3.0311703985	0.77789541959
1647	3.0373418088	0.77971587318
1648	3.0448556288	0.78188193102
1649	3.053314697	0.78429188925
1650	3.0604971454	0.78637507344
1651	3.064472016	0.78763488746
1652	3.0664183144	0.7883737036
1653	3.0682752863	0.78908977764
1654	3.0712283625	0.79008804641
1655	3.0754828751	0.79142160399
1656	3.0825271775	0.79347387103
1657	3.0929797799	0.79640475628
1658	3.1042950322	0.79955938172
1659	3.1153315498	0.80264387766
1660	3.1278211978	0.80610451611
1661	3.1429209122	0.81023989079
1662	3.1595912757	0.81478256761
1663	3.1754016431	0.81910591749
1664	3.1926779915	0.82380991363
1665	3.2093379484	0.8283574177
1666	3.2242004595	0.83244335366
1667	3.2393452901	0.83660443012
1668	3.2548953601	0.84087246688
1669	3.2700132319	0.84503114791
1670	3.2821863135	0.84843087775
1671	3.291587717	0.85111573411
1672	3.2999721221	0.8535389217
1673	3.3068523196	0.85557414952
1674	3.3109425872	0.85688831702
1675	3.3117085032	0.8573424248
1676	3.3101689982	0.85719956399
1677	3.3075240298	0.85677003358
1678	3.305478365	0.8564953065
1679	3.3068237727	0.85709912327
1680	3.313244347	0.85901890101
1681	3.3203303409	0.86111216673
1682	3.3254263146	0.86269019335
1683	3.326224915	0.86315376321
1684	3.3247839309	0.86303603635
1685	3.3240365819	0.86309811629
1686	3.325519738	0.8637393356
1687	3.3300031375	0.86516019352
1688	3.3359568017	0.86696376491
1689	3.3411709683	0.86857593568
1690	3.3460257574	0.87009538071
1691	3.3495701237	0.87127463531
1692	3.3530651125	0.87244151117
1693	3.3554311714	0.87331502264
1694	3.3602091351	0.87481675118
1695	3.3667135394	0.87676874205
1696	3.3743146069	0.87900733595
1697	3.3829229413	0.88150949051
1698	3.3906209941	0.88377562237
1699	3.3956065005	0.88533561748
1700	3.399538319	0.88662149218
1701	3.3990339206	0.8867505592
1702	3.3966779731	0.88639629247
1703	3.3944276945	0.88606917162
1704	3.3932984768	0.88603435316
1705	3.3902637928	0.88550159755
1706	3.3875856459	0.88506145214
1707	3.3861821164	0.88495393266
1708	3.3860315072	0.8851736599
1709	3.3849993907	0.88516277792
1710	3.3793073806	0.88393276388
1711	3.3695182075	0.88162978681
1712	3.3584683382	0.87899528221
1713	3.3477106594	0.87643550978
1714	3.3367359851	0.87381719278
1715	3.3265733029	0.87140982989
1716	3.3184549766	0.86953652483
1717	3.3141795461	0.86866915601
1718	3.3111333832	0.8681233543
1719	3.3125835464	0.86875621823
1720	3.3151327938	0.86967755888
1721	3.3157529223	0.87009299102
1722	3.3148825319	0.87011720084
1723	3.3134362576	0.86998999816
1724	3.3133812813	0.87022791306
1725	3.3143761283	0.8707415524
1726	3.3156125079	0.87131874308
1727	3.3185348205	0.87233922807
1728	3.3219208525	0.87348201728
1729	3.3263657405	0.87490374976
1730	3.3285071629	0.87572005035
1731	3.3288962101	0.87607542565
1732	3.3295976549	0.87651302539
1733	3.3291611372	0.87665100483
1734	3.3279749717	0.87659138716
1735	3.3263082781	0.87640490856
1736	3.325320786	0.87639710954
1737	3.3246586355	0.87647485728
1738	3.3241077411	0.87658177073
1739	3.3234418189	0.87665818602
1740	3.3213285859	0.87635254626
1741	3.318497925	0.87585716176
1742	3.3148737563	0.87515178398
1743	3.311968738	0.87463570067
1744	3.3119803404	0.87488955717
1745	3.313617161	0.87557278266
1746	3.3148038111	0.87613719931
1747	3.3182883857	0.87730926302
1748	3.3235225882	0.87894449169
1749	3.3302062895	0.88096388669
1750	3.3371937281	0.8830645932
1751	3.3424527237	0.88470878492
1752	3.3456149824	0.88579855875
1753	3.3472843011	0.88649334863
1754	3.3482231549	0.88699480739
1755	3.3512683833	0.88805450527
1756	3.3555578717	0.88944440183
1757	3.3595670423	0.89076054977
1758	3.3622296592	0.89172010165
1759	3.3608529411	0.89160837859
1760	3.3578072843	0.89105349357
1761	3.3545074767	0.89043061504
1762	3.353524218	0.89042225375
1763	3.3543014822	0.89088125646
1764	3.3551237005	0.8913522475
1765	3.3549011704	0.8915456549
1766	3.3518685962	0.89099199283
1767	3.3498386329	0.89070439197
1768	3.3496597994	0.8909087593
1769	3.3516613717	0.89169311483
1770	3.3537389074	0.89249791548
1771	3.3578773746	0.89385156775
1772	3.3622241301	0.89526123174
1773	3.3685577859	0.89720067969
1774	3.3772840704	0.89977845338
1775	3.388052569	0.90290170725
1776	3.3985325553	0.90594959683
1777	3.4091587181	0.90903796459
1778	3.4168359935	0.91134132475
1779	3.4255237019	0.91391534353
1780	3.4343943697	0.91653941921
1781	3.4426976275	0.91901328455
1782	3.4512115949	0.92154458546
1783	3.4600214775	0.9241561269
1784	3.4676174107	0.92644458378
1785	3.4765074237	0.92907994177
1786	3.4861292516	0.93191218629
1787	3.4972916505	0.93515773833
1788	3.5092591506	0.93862022709
1789	3.5228769184	0.9425259521
1790	3.5365308869	0.94644332748
1791	3.549905655	0.95028792965
1792	3.5634649657	0.95418387099
1793	3.5755787349	0.95769458513
1794	3.5844199279	0.96033025217
1795	3.5871185541	0.96132100258
1796	3.5859571964	0.96127734634
1797	3.5826166898	0.96064912153
1798	3.5794310201	0.96006185385
1799	3.5759154922	0.95938553894
1800	3.5733214668	0.95895592521
1801	3.5729482617	0.95912200776
1802	3.5718162829	0.95908421913
1803	3.5727207448	0.95959315344
1804	3.5745881479	0.96036085574
1805	3.5792575399	0.96188176261
1806	3.5834243341	0.96326818633
1807	3.5870385247	0.96450656856
1808	3.5903098202	0.96565318925
1809	3.5926173825	0.96654094439
1810	3.5926254835	0.96681016159
1811	3.5901579381	0.96641290199
1812	3.5864943227	0.96569315037
1813	3.581253027	0.96454786045
1814	3.5733565477	0.96268639436
1815	3.5675218379	0.96137929044
1816	3.5637270143	0.96062110944
1817	3.5610730863	0.9601699115
1818	3.5614199606	0.96052757416
1819	3.5620717828	0.96096748382
1820	3.5638638487	0.9617151144
1821	3.5656712562	0.96246707915
1822	3.5663637021	0.96291819956
1823	3.564740111	0.96274384858
1824	3.5622805489	0.96234334877
1825	3.5589403177	0.96170443621
1826	3.5583025288	0.96179541678
1827	3.5597520248	0.96245057033
1828	3.5608797641	0.9630188491
1829	3.5631116162	0.96388590507
1830	3.5670328468	0.96521035129
1831	3.5703759586	0.9663788281
1832	3.572542835	0.96722927333
1833	3.5760380597	0.96843970144
1834	3.580481047	0.96990731076
1835	3.5841559485	0.9711673826
1836	3.5888418417	0.97270193908
1837	3.5957330041	0.97483498295
1838	3.6034291744	0.97718727555
1839	3.6133155283	0.98013473222
1840	3.6252948474	0.9836514587
1841	3.6378614574	0.98732927158
1842	3.6495793388	0.99077845309
1843	3.6588525832	0.9935654443
1844	3.6677429835	0.99624973846
1845	3.6752809635	0.99856781825
1846	3.682028788	1.0006721924
1847	3.6843723362	1.0015802034
1848	3.6876785463	1.0027502521
1849	3.6908134835	1.0038741288
1850	3.6929425968	1.0047247425
1851	3.6946867242	1.005470826
1852	3.6950775002	1.0058486924
1853	3.6939717044	1.0058190465
1854	3.6943507933	1.0061935883
1855	3.6981488911	1.007499565
1856	3.7057165984	1.0098332708
1857	3.7154862225	1.0127682132
1858	3.7280245912	1.0164594242
1859	3.7421827769	1.0205941688
1860	3.7585250003	1.0253267223
1861	3.773801616	1.0297708218
1862	3.7875585661	1.0338022983
1863	3.7986497166	1.0371078994
1864	3.8073640222	1.0397659501
1865	3.815291804	1.0422103505
1866	3.8225166848	1.0444637763
1867	3.8267704221	1.0459061326
1868	3.8317326009	1.0475427146
1869	3.835509046	1.0488556977
1870	3.8381362609	1.0498548064
1871	3.8398042125	1.0505917646
1872	3.8381323545	1.050414857
1873	3.8334140181	1.0494036515
1874	3.8272297468	1.0479902726
1875	3.8221026553	1.0468654749
1876	3.8161596138	1.0455163075
1877	3.8122441665	1.0447218479
1878	3.8077850551	1.0437777152
1879	3.8024867134	1.0426027495
1880	3.7977270535	1.0415746775
1881	3.7882582391	1.039253949
1882	3.7786375207	1.0368900829
1883	3.7703370492	1.0348871242
1884	3.7637031415	1.0333404452
1885	3.7605634844	1.0327523425
1886	3.7597888922	1.0328133928
1887	3.760436328	1.0332649921
1888	3.76074031	1.0336222165
1889	3.7621371371	1.0342798557
1890	3.7654663887	1.0354690248
1891	3.7685088972	1.0365797332
1892	3.7716997241	1.0377316194
1893	3.7719395217	1.0380717471
1894	3.7704697797	1.0379412325
1895	3.7690687377	1.0378293487
1896	3.7685276451	1.0379540425
1897	3.7694373549	1.038478281
1898	3.7684156177	1.0384703265
1899	3.7665951579	1.038241988
1900	3.7640854858	1.0378232856
1901	3.7597173737	1.0368916086
1902	3.7545095657	1.0357275859
1903	3.7487392831	1.0344075302
1904	3.7448465767	1.0336047914
1905	3.7398860279	1.0325066075
1906	3.7351116978	1.0314590585
1907	3.7303205824	1.0304061106
1908	3.725858999	1.0294434467
1909	3.7215627752	1.0285257665
1910	3.7163784325	1.027361881
1911	3.7121034866	1.0264486359
1912	3.7106131157	1.0263048775
1913	3.7117559983	1.0268893458
1914	3.7150774243	1.0280767795
1915	3.7211549305	1.0300275149
1916	3.7292020163	1.0325243867
1917	3.736819977	1.0349035054
1918	3.7432222191	1.0369468759
1919	3.7482516473	1.0386107046
1920	3.7514189105	1.0397590634
1921	3.7548642098	1.0409848905
1922	3.7601335406	1.0427169637
1923	3.7682457404	1.0452382831
1924	3.7773301005	1.0480304301
1925	3.7866458429	1.0508880305
1926	3.7980414204	1.0543242583
1927	3.810018236	1.0579234489
1928	3.8208008439	1.0611926133
1929	3.8308276581	1.06425329
1930	3.8409637729	1.067345712
1931	3.8524296328	1.0708091331
1932	3.8632669022	1.0740993662
1933	3.8731868128	1.0771359685
1934	3.8838342547	1.0803763048
1935	3.8955745417	1.0839221781
1936	3.9080426394	1.0876722285
1937	3.9217560214	1.0917706708
1938	3.9351888994	1.0957929016
1939	3.9450122892	1.0988116316
1940	3.9533330544	1.1014130627
1941	3.9590762057	1.1032972975
1942	3.962676339	1.1045849233
1943	3.9634498527	1.1050848774
1944	3.9605555844	1.1045619592
1945	3.9563488448	1.1036724228
1946	3.951152205	1.1025059944
1947	3.9471813872	1.1016808823
1948	3.9429773709	1.1007900247
1949	3.9380712916	1.0997024419
1950	3.9334918575	1.0987053228
1951	3.9297397805	1.0979386327
1952	3.9269075297	1.0974283915
1953	3.9245692627	1.0970557589
1954	3.9220273165	1.0966257697
1955	3.9203345176	1.0964328333
1956	3.9209555671	1.0968868819
1957	3.9231710116	1.0977870935
1958	3.9259531673	1.0988461685
1959	3.9301874292	1.1003121074
1960	3.9373247162	1.1025915303
1961	3.9472353107	1.1056487242
1962	3.9596815678	1.1094176997
1963	3.9738490509	1.1136707534
1964	3.9899482134	1.1184672478
1965	4.0050372686	1.1229827405
1966	4.0174564269	1.1267515033
1967	4.0284471781	1.130121246
1968	4.0369237308	1.1327869825
1969	4.0440793381	1.1350830941
1970	4.0524192354	1.1377126407
1971	4.0609438614	1.1403951778
1972	4.0691847242	1.1429991491
1973	4.0769993485	1.1454844634
1974	4.0844902607	1.1478798427
1975	4.0908593202	1.1499608562
1976	4.0993997528	1.1526532406
1977	4.1061154551	1.1548335658
1978	4.11099935	1.1564994514
1979	4.1124845827	1.1572096099
1980	4.1148441986	1.1581660101
1981	4.11981714	1.1598584053
1982	4.1247441494	1.1615384986
1983	4.1325099303	1.1640188249
1984	4.1440528636	1.1675643721
1985	4.1617265836	1.1728392349
1986	4.1783750174	1.1778275176
1987	4.1944253114	1.1826494382
1988	4.210716393	1.1875414698
1989	4.2268230715	1.1923837169
1990	4.2437729377	1.1974660949
1991	4.2601213116	1.2023810343
1992	4.2763262556	1.207257723
1993	4.2953881299	1.2129433793
1994	4.3130336096	1.2182315939
1995	4.3306134156	1.2235036764
1996	4.3494467005	1.2291323981
1997	4.3640277759	1.2335617538
1998	4.3750646408	1.2369910175
1999	4.3842064691	1.239885835
2000	4.3931672467	1.2427306526
