# 4d SU(2) Monte Carlo	
# L	8
# beta	2.3
# n_thermalisation	1000
# n_measurements	0
# Heatbath sweeps per MC update	1
# Over-relaxation updates per MC update	0
# plaquette 	 4x4 wilson loop
0.001742292524	-0.003000362617
0.375937364	0.002894695107
0.4556431469	0.004285527685
0.497104843	0.001949615871
0.5213526906	0.0009855643714
0.5370527681	-0.001665242775
0.5464770797	-0.006177810644
0.5548809798	-0.004107072372
0.5632127415	0.003335893949
0.5704331499	0.005611874471
0.5679814819	-0.001781890905
0.5684964239	0.004443668305
0.5733557779	0.001160856072
0.5793428281	0.003325546402
0.583149075	-0.0006193659436
0.5840807107	0.0005471788907
0.585080466	-0.002661958685
0.5869905078	-0.005605286136
0.5921729118	0.0006578857396
0.587686962	0.004819848956
0.5881356489	-0.002200418222
0.5920096242	-0.003791140483
0.5929229418	0.001048642999
0.5935654216	0.003975092236
0.5956899623	0.0001447315688
0.593144338	0.0008815436347
0.5964949749	0.00193825115
0.595330186	0.006211406432
0.5961043476	4.193057944e-05
0.5985467167	0.005807835992
0.5973750386	0.00743853253
0.5953847178	0.004880499873
0.5963350554	0.005636341288
0.5989659405	0.010669657
0.5958343518	0.004549044096
0.5941775423	0.005954930479
0.5969775026	0.003756561452
0.5950601375	0.007973340464
0.6019644856	0.009921770713
0.6000937899	0.00949296357
0.5959446175	0.003444211184
0.5956564264	0.001919316285
0.6011391164	0.005883387865
0.6019981652	0.002399350888
0.6044561398	0.003337611564
0.6005002516	0.008231210214
0.6040494871	0.005445503332
0.6054500395	0.01128227913
0.6035543738	0.009641152932
0.6008143193	-0.0003044868428
0.607125921	0.003908510305
0.6049339966	-0.001205274637
0.603578217	0.001431602866
0.6045360826	0.00513747792
0.5979564844	0.006463459043
0.6006727168	0.005996876939
0.6028933371	0.009397780996
0.5973882908	0.005481239888
0.5984265204	0.00294211682
0.606047825	0.008912221103
0.6013674071	0.001659758114
0.6013811361	0.001597886199
0.6029850024	0.007748720265
0.6070164985	0.007541180905
0.600317691	0.002036544751
0.5986418811	0.006386489856
0.6062584763	0.007065564885
0.6026347396	0.006460117861
0.6011471423	0.004248101711
0.6021213514	0.001660180002
0.5985316103	0.00494492721
0.6001846932	4.510983229e-05
0.6050232668	0.004105640054
0.6027663299	0.001232932833
0.5987071606	0.0005651588551
0.5991200599	0.004134667813
0.6010744612	-0.004502833762
0.6021003148	0.006441855738
0.6071227481	0.003763411658
0.6055928639	0.007950480294
0.6032837042	0.001802068846
0.6071529886	0.004451403494
0.6049992174	0.007111747665
0.6008455765	0.01066046135
0.6009930931	0.007075114832
0.6020884777	0.002598370582
0.5979269427	0.008168389952
0.5975969126	0.003524031291
0.5967388497	0.0006810233355
0.5959352807	0.0006626915754
0.6029325753	-0.003648183981
0.5996842053	-0.003136592393
0.5972379613	0.006499020248
0.5975561998	0.003746906969
0.5997079512	0.01184762962
0.5988090471	0.001921548386
0.6012730871	0.007525421658
0.604832925	0.005838081386
0.6028086233	0.0003285364124
0.5972425691	0.001716012285
0.599357703	0.002593888742
0.5970704957	0.008616763532
0.5944303191	0.003314639648
0.5944696725	0.002895613957
0.5971253002	0.00645872776
0.6000428211	0.003661129089
0.5943455576	0.005884682224
0.5957240223	0.005325169745
0.5958860334	0.007940196579
0.5966579399	0.002163048147
0.5993941446	0.002318195772
0.6026943863	-0.002806525811
0.5982002781	-0.00238858683
0.6010777057	0.002299866308
0.6001181702	0.00120148485
0.5966548922	0.004900327155
0.6008772004	0.001128089412
0.596150211	0.009185703485
0.6033289075	0.006429880559
0.5989079037	0.0009894592657
0.6006293712	0.0008242232292
0.5958523458	0.00627880449
0.5988210008	0.004078630609
0.5986637452	0.01098425281
0.6016769261	0.005217585412
0.6057526666	0.004579239674
0.6043699237	-0.0004368234944
0.604676143	0.002943211437
0.6040123969	0.006563343274
0.6022176508	0.006378808233
0.6013471972	0.000328244487
0.6016120992	0.002066411135
0.604802147	0.004800332042
0.6038628044	0.002926513953
0.6066998056	0.009003048628
0.6065619084	0.006031043735
0.6064561319	0.0004592436281
0.6088797652	0.002116557368
0.6053716287	0.007978582833
0.6073739843	0.004004906225
0.6050102811	0.006336719759
0.604236138	0.006755205996
0.6064507896	0.005298461758
0.610001789	0.006501377819
0.6042393496	0.005703851774
0.6055743741	0.006334294419
0.5998539433	0.005514089122
0.6000603433	0.002893829093
0.5989352129	0.003135901392
0.6035744923	0.006034703216
0.607722985	0.0006589370935
0.6050975456	0.005839374741
0.6066424755	0.008134880149
0.608006995	0.005375310124
0.6058861639	0.001359504983
0.6031988358	0.009044698594
0.5995257708	0.008668511831
0.6003573185	0.007112079358
0.5967368572	-0.00435372054
0.5968924789	0.004163731074
0.603377963	0.005025832833
0.6027269686	0.001672774048
0.6003034441	0.006394429275
0.5974216282	0.003352200916
0.6036571302	0.007479896626
0.6008508212	0.009516906424
0.6048015391	0.0039807791
0.6007092222	0.002241594254
0.599953068	0.004754021548
0.6029015632	0.008547134369
0.6035921058	-7.878973009e-05
0.6087657703	0.0007651964685
0.6022555153	0.005177485566
0.6001718065	0.001985519984
0.6008291653	0.005283648737
0.6016490185	0.01049553338
0.6032477823	0.008168153397
0.5998425993	0.01050427172
0.6018880396	0.01034731901
0.603510757	0.003344055652
0.6026837745	0.009749190489
0.602859449	0.008792304762
0.6035945027	0.005283643164
0.603636128	0.005636904687
0.6082923246	0.00821327163
0.6098576159	0.004560407055
0.6096997604	0.007578831537
0.6030408222	-0.0009387232934
0.6052647638	0.0003927882116
0.6038250348	0.005942178663
0.6061356676	0.003323197287
0.6041713375	-0.0001738570329
0.6005784723	0.0005604870847
0.6033895684	0.007594888992
0.6032090262	0.003571826734
0.6027584417	0.008887506008
0.5996750892	0.00543318229
0.6014874276	0.009618470626
0.6013680632	0.008181813619
0.6021237066	-0.004481692956
0.6010384098	-0.0007135963305
0.6001005229	0.008395841012
0.6011956354	0.006719491462
0.6008640867	0.002494792552
0.601300847	0.0064620335
0.6057225166	0.01025438409
0.6025224654	0.00238334635
0.6035010931	0.006011473262
0.5970743055	0.003559653132
0.5953074721	0.00315934219
0.5973792698	0.003412325426
0.5965280446	0.002222969974
0.6017813348	0.006758761952
0.602796729	0.006236336749
0.598568797	0.004605166971
0.5985545937	0.008269199506
0.6004926717	0.005606194529
0.6030517963	0.006200223077
0.604314008	0.004627561957
0.6076358962	0.004307795626
0.6065788502	0.003030014018
0.6077417391	0.0009196538154
0.6068256603	0.006739743267
0.6071056584	0.004739452555
0.6076643382	0.003117046292
0.6060199617	0.001413071287
0.6048886921	0.003118206811
0.6007834254	0.007612215021
0.6007371596	0.009897966755
0.6018071351	0.0070571426
0.6043386903	0.007377287966
0.6052545507	0.005671304083
0.6047539661	0.005828209779
0.6047028398	0.006653048231
0.6009983031	0.005553347935
0.6022543358	0.007791198612
0.601895416	0.005577751123
0.6042408443	0.008432328706
0.6057926883	0.003571602991
0.6054848775	0.01214360814
0.6028156294	0.004858242615
0.6019472105	0.003898385468
0.6039815867	0.00980340759
0.6038263709	0.01353577493
0.6053643753	0.01014451475
0.6055848716	0.001744026303
0.6062084433	0.000340404163
0.6031664823	0.004482170473
0.6014350954	0.000273561141
0.6010984923	-0.0005203038391
0.5986250166	0.005437347265
0.5968341779	0.004710261241
0.6035141507	0.008353907751
0.5993602394	0.002711568281
0.6043331694	0.01284701878
0.6001977568	0.004648917944
0.5984872756	-0.001451892436
0.6002661162	0.006391695389
0.6031152349	0.001076315532
0.6031950396	0.009176225987
0.603234845	0.003057886311
0.5984265242	0.003623003788
0.600171111	0.005343675699
0.6005883826	0.001269228094
0.5990911813	-0.0004939107518
0.5987734644	0.003842361741
0.5966332347	0.004764055773
0.6038841279	0.004185967289
0.5995161398	0.001533263933
0.5936277376	0.001136448695
0.5948786421	-0.0004522010637
0.59629397	0.005761018184
0.5979138506	0.0002690309154
0.5997751461	0.006797714381
0.5995612893	0.002362982694
0.6020039042	0.002257281328
0.5999180357	0.008274789848
0.5995161486	0.001094236133
0.6006241053	0.002150425887
0.6035241295	0.006358952867
0.6053747472	0.005760100058
0.6023214404	0.007804700295
0.6039148944	-0.002888465359
0.6010299801	0.004512136218
0.5995170306	-0.001963653513
0.5971085387	0.007628454639
0.5943276536	0.003209654222
0.5991483285	-0.0008333400355
0.5953938494	0.002398488973
0.5986943874	-0.003291410611
0.6002462075	0.004543801949
0.599684309	0.0003947654116
0.6029730774	0.002931744687
0.5987745698	0.001441310682
0.6005054335	0.004351899055
0.6014044965	0.002247735432
0.5979884251	-0.0003337688844
0.6019163128	-0.001692047616
0.6000582915	0.001207586835
0.599460623	-0.0006346268447
0.5994804032	0.001314398555
0.5957235944	0.001558280352
0.5984682525	-0.001328321736
0.6006576559	0.005008577854
0.6005063412	0.004856659358
0.5981099429	0.003107152913
0.5987622479	0.0007747066053
0.5984615395	0.0008594387357
0.6001293085	0.00383436748
0.5985924025	0.005384914045
0.5982289265	0.002668266934
0.5997428674	0.001060548369
0.6003131133	6.504975901e-05
0.5999166855	0.004751200101
0.6008582867	0.007467143311
0.6023902327	0.00640018727
0.6018403795	0.00798087609
0.6001640745	0.001084561152
0.6036998027	0.01081806973
0.6057363652	0.005175347394
0.604998052	0.006724652974
0.6058550787	0.005676818936
0.6032859268	0.008574230108
0.6055782779	0.004868702188
0.600320402	0.003481518106
0.6028461718	0.002854295804
0.6005878961	-0.0001329200109
0.5959844323	0.001625699248
0.602576685	0.001440988753
0.6056562053	0.007995599314
0.5984569941	0.00322185576
0.6026847095	0.01303238444
0.6007035121	0.006549733044
0.60003021	0.002675060093
0.6006584203	0.005696492477
0.5979615834	0.001268362892
0.6027118049	0.003943011526
0.6024088015	0.004714026993
0.5980805345	-0.001284934858
0.5983806163	-0.001037846292
0.6008328204	0.005195749941
0.6007474999	0.001152966553
0.6005855397	0.008718146431
0.6027779837	-0.002327248325
0.6009721459	0.005841847884
0.6050451875	0.002016696004
0.6015742124	0.009999275755
0.6036028871	0.008111615707
0.6057368413	0.006076786585
0.6084012464	0.00623229
0.6098687485	-5.884128926e-05
0.6096053113	0.001640450655
0.6078617943	0.001365944074
0.6029136289	0.005725295289
0.6047088383	0.003229015313
0.6037062143	0.001210112842
0.6027673372	0.007663427344
0.6025391197	0.005951381768
0.6008306062	0.00141608747
0.6014681944	0.01093021916
0.5992719623	0.01116765514
0.6008256226	-0.001063905053
0.5998608059	0.000540883914
0.6011733335	0.001489357971
0.6018539726	0.0085835469
0.6066483232	-0.0002971684008
0.6065280434	0.002510275912
0.6036503104	0.003408381384
0.6019033655	0.005685110916
0.6031543149	0.0006294389484
0.6018219475	0.006126336247
0.6018528516	-0.000305828023
0.6020851669	0.009232892991
0.6009375749	0.006486173354
0.5969943595	0.008712416033
0.6014753891	0.006160220335
0.5952195731	0.006507030589
0.5947214447	0.007552582283
0.596523707	0.005122686215
0.6002449917	-0.001293097785
0.6038538608	0.007248488775
0.6025933319	0.009216322551
0.6015666076	0.003550241776
0.6018800975	0.005915743878
0.6017961344	0.006864682019
0.6003919571	0.0082578734
0.6009746879	0.004545360008
0.6032812967	0.009435399039
0.6031104844	0.004358276055
0.5977413756	0.01043863387
0.599535065	0.005303578183
0.5971359551	0.005691343632
0.6018030115	0.002590367578
0.6038511003	0.004827439289
0.6024147052	-0.002262980224
0.6042916663	0.01146733222
0.6032593257	-0.001279984022
0.6023118788	0.006155520988
0.6046259576	0.00689816529
0.6053422257	0.005409920343
0.6079823344	0.006921900152
0.5997922446	0.001539210532
0.6035976963	0.008924963952
0.6045122067	0.007100696042
0.6117980242	0.01235190438
0.6062169287	0.01097974513
0.6035988124	0.002406692957
0.6063320081	0.009636674462
0.6063745872	0.007208417253
0.6057852386	0.004857559412
0.6078480827	0.003856301252
0.605297283	0.002616225998
0.605786296	0.0006314551758
0.6053088148	0.003585240139
0.6091836579	0.003668059435
0.6082124869	0.004260297038
0.6084849672	0.001581554398
0.6044827083	0.01024181747
0.6067414766	0.006894749394
0.6040308313	0.008195680475
0.6010798716	-0.0003731771394
0.5987568573	0.006649334327
0.6031251916	0.007389490221
0.6018576367	0.00304503987
0.6008431556	0.006910745935
0.6030984482	0.007517176797
0.6063806668	0.006838414373
0.6033805632	0.005546411975
0.6026364264	0.006556683512
0.6015076241	0.003415480199
0.5984523502	0.005072762345
0.60496717	0.00806156322
0.6001649044	0.005566629915
0.5993008734	-0.0001587756236
0.6012144222	0.01123000374
0.6029909014	0.003950823841
0.6043879489	0.0113730501
0.6026332174	0.005639862243
0.6009171601	0.004341343492
0.6035773576	0.009757830495
0.602658014	0.004568403162
0.6004906504	0.002520624113
0.6021300893	0.003233286828
0.600963599	0.00204405597
0.6012912608	0.007072477187
0.6035734801	0.004483980591
0.5979514332	0.003776895417
0.5983092448	0.001935428496
0.5970270007	0.004714775806
0.6001997669	0.003963625812
0.6052872021	0.004923293411
0.6033857472	0.01145659786
0.6067163809	0.002122829951
0.6005538061	0.004582316235
0.5989101814	0.004957799449
0.60034509	0.005248206364
0.6031445149	-0.00177577501
0.6014899714	0.006681711685
0.6019003784	0.003221746893
0.5965239567	0.006009333366
0.6044981388	0.002323524367
0.6014414182	0.00420845353
0.6004101334	0.001109302382
0.5965042487	0.004477611268
0.6001140522	0.002961362186
0.6036563942	0.004109874142
0.6006282422	0.006017162942
0.5958870895	-0.002828300852
0.5971771236	0.002591153626
0.603961677	0.001570731605
0.6051348652	0.0008733612485
0.6017216737	-0.0001135310927
0.6037130656	0.005920771626
0.599343921	0.001381796679
0.6051538601	0.00747872542
0.6037586193	0.008979059294
0.5980817605	0.008053950628
0.5999971485	0.008290378265
0.597580465	0.002332341761
0.5991206674	0.006040855543
0.5998911142	0.003167861485
0.5981095045	0.004611513322
0.6003489841	0.006604703947
0.6020574273	0.003048547241
0.5998308836	0.008209508422
0.6025575059	0.006852183173
0.5990861042	-0.001280068001
0.6030955926	0.002579148388
0.6027323749	0.002460357895
0.5972164541	0.003777129004
0.6035016511	0.001989745793
0.6007295152	0.006343818829
0.5977506495	0.0005712476559
0.6022931095	-0.001412913179
0.6032788474	0.005143672578
0.602025387	-0.0004123335586
0.5950107977	0.00388858015
0.5985532079	0.001846111984
0.5983683882	0.004452267329
0.5962251731	-0.001422079532
0.5984832095	0.003674800906
0.6015476041	0.003057780498
0.6046245608	0.001432889127
0.604504915	0.00301705171
0.6035795011	0.0006657738843
0.605046283	0.002550011748
0.6047738132	0.004776879094
0.6050887127	0.01034339278
0.6027472425	0.002467941933
0.6037395603	-0.002646796901
0.6010936372	0.008391290578
0.5995132869	0.001994701919
0.6003238014	0.007747241711
0.5996327467	0.003116637421
0.6006291606	0.006461704409
0.6007726425	0.008024975882
0.5976559206	0.001149359391
0.6064929132	0.008998479831
0.6033977497	0.0005148747514
0.5971337307	0.001007407625
0.5990180214	0.004663069877
0.5993676239	0.003325794023
0.6067089598	0.005451031766
0.6076387027	0.01024019413
0.6042295455	0.001849314715
0.5999990491	0.008319296774
0.602018228	0.00242335916
0.5974426387	0.008958744048
0.5980753289	0.004612729211
0.6007384603	0.005793792957
0.6000019248	0.006037117986
0.6006070943	-0.0003373066656
0.59805062	-0.001483218214
0.5981126728	0.001401449515
0.6024329091	0.00854247726
0.6031766114	0.004690414599
0.6019676672	0.001565195358
0.6010343024	0.004160932076
0.6009669456	0.002152580055
0.6003246591	0.001983095893
0.5984241819	0.00185811475
0.5969616914	0.006169335807
0.5966110366	0.006286328432
0.6003883888	0.003927639355
0.6046188939	0.006037479315
0.6045893711	0.00840154438
0.6011735962	0.01477761707
0.5996707932	0.007264160339
0.5992874615	0.00112437244
0.6043098987	-0.003138702818
0.604952058	0.001090689341
0.6049026369	0.005686864934
0.5969100836	0.004390069597
0.5988982762	0.007847546179
0.5951173069	0.0002902357482
0.5935858539	0.0007005922251
0.5943932548	-0.000893337406
0.6013283846	0.008379106329
0.6043460923	0.003551290341
0.6054140751	0.003564307292
0.6000961232	0.003310941112
0.6026364971	-0.002127887924
0.5992325302	0.003861447062
0.6028801921	0.004412675373
0.5993400719	-0.0005145626104
0.5961460017	0.005210894495
0.5933147161	0.006301232727
0.5935877808	0.001972507036
0.5994710532	0.002822603561
0.5995226913	0.009341506846
0.5975962648	0.008567264794
0.5965889676	-3.711511667e-05
0.6022138078	0.008777709333
0.5987408853	-0.0008277845751
0.6023062853	0.003911961047
0.6032724211	0.003796513499
0.5989603599	0.007377359349
0.6043547278	0.006629476004
0.6036067444	0.002735828149
0.6019119082	0.006436607385
0.6026072962	-0.001067824658
0.605002518	0.00571069411
0.6031092211	0.01031783908
0.5994936497	0.003571034978
0.5978058239	0.00978125507
0.6006137664	0.01069696502
0.6020414203	0.004434689893
0.6046856302	0.003156011867
0.6011501436	-0.003176028686
0.6008578428	0.005277371383
0.6038245061	0.001752280468
0.6039917641	0.004167258575
0.6038644309	0.00267743927
0.60286589	0.005378905305
0.5990283324	0.00949572229
0.6034705506	0.00521398401
0.5957746583	0.008921628757
0.596553465	0.007296521389
0.5953655835	0.005531438241
0.5978832298	-0.001444947308
0.5964801992	-0.0002767187146
0.5940215264	0.005148595096
0.6006850349	-0.0002257117174
0.6008757618	0.00154227827
0.6034030962	0.006319836389
0.5990106693	0.005405134461
0.6015291897	0.00661300201
0.598544224	-0.0003304283514
0.5960359989	0.00100074614
0.5981909075	0.004906236178
0.5990287863	0.003311997476
0.6026766004	0.01095910191
0.6025853721	0.001150945161
0.6001145873	0.005482002908
0.605267927	0.0005434179761
0.6057417724	0.001194476046
0.6081722075	0.007340196468
0.6075368595	0.004881303106
0.6054464532	0.009279294657
0.6056272538	0.004372122539
0.6060484722	0.00511405878
0.6098010843	0.007986772222
0.6088932712	0.003419616536
0.6032315898	0.009043186409
0.600746856	0.001595544628
0.5981308199	0.005454811885
0.6027671265	0.006697386172
0.6028379211	0.006292845553
0.6041976803	0.001052760959
0.5984201773	0.006979636537
0.599478869	0.0007868138879
0.5988120676	0.002106083967
0.6006897907	0.003802985032
0.6016571296	0.004659320321
0.6023756786	0.01022564654
0.6041062992	0.009520160881
0.6055509084	0.008083300171
0.6066474733	0.004583330767
0.6028722569	0.001105247361
0.6025913323	0.001856825601
0.6006770791	0.004374662045
0.6070480822	0.005372024576
0.6047485346	0.003896552019
0.6062228727	0.003164311027
0.6065042636	0.007474691524
0.6062023207	0.007821079426
0.6082496603	0.002729611746
0.6016261117	0.004766359932
0.6008479358	6.135317804e-05
0.6019448948	-0.0002304974989
0.6002413921	0.002156841094
0.6026680971	0.005530094984
0.6023885443	0.001765413163
0.6036605676	0.00579001645
0.6029001986	0.001082935071
0.6006272417	0.008881117805
0.6027678682	0.002670733498
0.6003734546	-0.0009865243354
0.6007155094	0.008808689746
0.603133774	0.01091240836
0.605710546	0.007918048811
0.6041448564	0.009031826553
0.6042115391	0.0107300299
0.6068928942	0.009722313446
0.6036156201	0.006475394118
0.6023562525	0.006791765691
0.6044056954	0.01152011966
0.6033017755	0.005436201586
0.6032165331	0.002859498572
0.6019787966	-0.001012552306
0.6054641799	0.008657665823
0.6069615268	0.007618651501
0.6019895207	0.01035964833
0.6067271357	0.001695569938
0.6024751843	0.006744317459
0.6041722193	0.005470087986
0.5989018164	-0.002861335202
0.5950768637	0.005313884829
0.6017335538	0.001478977489
0.60196309	0.001958325047
0.5961394319	0.004573491158
0.6019545146	0.003338835926
0.6017312608	0.0005490873494
0.6061932209	0.00345237395
0.6075726744	-0.002418124732
0.6032659476	0.004141827436
0.6039646054	-0.001928127544
0.6016200638	0.001182683782
0.6044097127	0.009670748084
0.6029870408	0.001453119859
0.5993771361	0.005964276043
0.601756914	0.007187885427
0.5978932834	0.008689172204
0.5996719481	0.002956190555
0.6006316187	0.00593694332
0.6026433904	0.004558845471
0.5990987869	0.007705093334
0.5968434276	0.005675614455
0.5963378726	0.007085552365
0.5994595636	0.003915647774
0.6005921811	0.003189643379
0.605131782	0.009110551509
0.6002685385	0.004320670963
0.5997646267	0.005234050239
0.5990362259	0.009520274457
0.6029188822	0.001692549953
0.6014471601	-0.002400473737
0.6008674219	0.003599816332
0.5990695035	0.004587187017
0.6029057328	0.006230048698
0.5999744175	-7.176542569e-05
0.6028697807	0.002089317948
0.6036893291	0.004745480044
0.6015840046	0.007514173916
0.5998703736	0.0007106153803
0.5990107404	0.001694286532
0.6008348541	0.005220104954
0.6051954747	0.007995489414
0.602597934	0.008171657912
0.6029121026	0.006394775852
0.6000422241	-0.0008309191734
0.6037411881	0.006041051977
0.6038683471	0.008803410737
0.6046536195	0.01040876863
0.6023513414	0.001038800142
0.5982817942	0.004689727761
0.597977805	0.009097726062
0.6035815303	0.006049478284
0.6045507011	-0.0001117528917
0.6024432635	0.003544790803
0.6040757794	0.005320046961
0.600626166	0.009281647266
0.6022428117	0.006327941233
0.6010836322	0.002443562909
0.5993238125	0.005426190159
0.5983983021	0.00518791489
0.5948751075	0.004843520115
0.5982669065	0.005991255431
0.6025000706	0.003239117577
0.6037370934	0.004895126633
0.601796907	0.006023873026
0.5969264866	-0.000259700484
0.5956974336	0.006412104072
0.5905794262	0.002543284052
0.5949989442	0.0009150820355
0.5927203686	-0.0005094360117
0.5907978027	0.008012024744
0.5939628721	0.003599198648
0.5965089495	0.003676107334
0.5978302068	0.001489599648
0.5999461703	0.0106892113
0.5968270657	-0.001269381658
0.597056517	0.005003770884
0.5983655567	-0.002072490768
0.5981085226	0.001605937229
0.5958574815	-0.001412043271
0.5897456699	0.0009318704084
0.6019150279	0.004835464973
0.599634477	0.003348689533
0.5976567329	0.006561530837
0.6010820256	0.002737693611
0.5984112331	0.004656318577
0.604203709	-0.0005255721997
0.6015909554	0.001121233786
0.6029342573	0.0006812427678
0.6007671913	-0.0011931861
0.6008255673	0.003782973754
0.6044680164	0.006438905259
0.6013805073	0.004054907279
0.6037363036	0.003402978095
0.6044014282	0.008110792453
0.6056345129	0.009835005789
0.6015989352	0.004493961459
0.6013463531	0.003540558168
0.6014778828	0.001738607426
0.6011909677	0.002166445205
0.5975152864	0.003647554794
0.59925418	-0.003819674163
0.5988331517	0.001820828336
0.5968624642	0.002141804535
0.5980726837	-4.580871904e-05
0.5986328106	0.002765431428
0.5964501317	-0.0009350314024
0.5984722955	5.038000102e-05
0.5966149004	-0.00107096828
0.5983498923	0.01166668067
0.5944043345	0.001642389275
0.5979367121	0.002766156282
0.5940498164	0.001550877589
0.5940474573	0.004306135354
0.5976898827	0.007080332897
0.5981356913	0.001403485361
0.595139199	0.006175330144
0.5974386494	-0.0003677468347
0.603661891	0.002949136521
0.6022656673	0.006700908807
0.6043973238	0.004632378252
0.6078945987	0.007277864007
0.6013165302	0.004836042002
0.5966537124	0.005364851898
0.5939522685	0.005810294887
0.5993471083	0.006114856182
0.5987568904	0.005081260099
0.6041791063	-0.001839601401
0.6047245781	0.001514053125
0.6036840933	0.004163970456
0.6043062192	0.0009073114722
0.6015080664	0.006443018879
0.5988462251	0.007653710133
0.60277122	0.005058972676
0.6038119667	0.005187066124
0.6023855674	-0.002679437717
0.6002564356	0.004124465196
0.6015956309	0.001313216858
0.6024675067	0.002123894263
0.6050566669	0.007130039678
0.6025184143	0.00943665596
0.6043229745	0.004195698402
0.604065264	0.006349311414
0.6081880286	0.007416192043
0.6069349184	0.001523785837
0.6080592678	0.001252850781
0.6077255961	0.006785089241
0.6040398643	-0.001395383055
0.6081469151	0.005377882696
0.6045417359	0.006198942083
0.6078285833	0.0004112871629
0.6074377677	0.005873355859
0.6064661198	0.0006791370653
0.6021907542	0.008880031931
0.600212692	0.0007314227446
0.6025734814	0.006803132964
0.602814773	0.001607097213
0.6034739011	0.004294043891
0.6014901073	0.001744520738
0.6054397161	0.00339335131
0.6036758436	0.007751417064
0.6019337221	0.00227646312
0.601895991	0.005670960672
0.5989766116	0.004514311323
0.594442081	0.002386933045
0.5933157127	0.001763884522
0.6005795289	-0.0003871551963
0.5978859515	-2.310897017e-05
0.5980899195	0.003008560584
0.5961986842	0.003581547683
0.599592856	0.004977662346
0.6007611536	0.004432727208
0.5972305752	0.008373222508
0.6030363641	0.007691170683
0.6037689365	0.005884771331
0.6047388262	0.0066094698
0.6008862277	0.002349554444
0.5968174715	0.00907836279
0.601167856	0.01560812091
0.5986344743	0.01072448527
0.59740568	0.006202657998
0.6010704828	0.01262234991
0.6026319133	0.005457092619
0.6053278821	0.001877054567
0.6030802451	0.0008497223489
0.6031673917	-9.995687527e-05
0.6024500708	0.004491660997
0.6005126697	0.001330194763
0.5980747994	0.003944205233
0.5990922802	0.00379831321
0.6040690975	5.872698386e-06
0.6063811257	0.005475810989
0.6041210193	0.006079734852
0.6006650307	0.003948883618
0.5995619841	0.003118420703
0.602771105	0.01212572359
0.6018270423	0.008864792022
0.6022103476	0.01199973344
0.6055162134	0.00421600132
0.602422081	0.007127887639
0.6092824508	0.00409590559
0.6086767437	0.003582087909
0.6073192485	0.006366606447
0.6063404464	0.01343502459
0.6081476798	0.004427724624
0.6057515632	0.005780937019
0.6030504168	0.006860417261
0.6054484131	0.007370485278
0.6048335648	0.008286998881
0.6043978029	5.577621598e-05
0.6050521038	0.007490853377
0.6098102971	0.002171975624
0.6050870157	0.005383059173
0.6070334991	0.003900836769
0.6050516444	0.005570353827
0.6014468378	0.009194130025
0.6011161298	0.007914388873
0.5963424313	0.008148183316
0.6025638777	0.003085416612
0.6047559509	0.001997800864
0.6028936889	0.006290693508
0.5964998604	9.258677601e-05
0.5994035928	0.004521281699
0.5998388001	0.005603902097
0.5982960685	0.002008272591
0.6004853323	0.002189443379
0.6021166103	0.001721168882
0.6007164405	0.001601356995
0.6018315379	0.003367360205
0.6048579667	0.0004064962069
0.6067668106	0.001211199849
0.6091820569	0.008354710515
0.6083373692	0.002376480085
0.6030831427	-0.004133356723
0.6013091803	0.0045049207
0.6001844586	0.006952370895
0.6023347664	0.0006248207355
0.6105865756	0.004617885059
0.6046141991	-0.000883121543
0.6034097953	-0.0008965724611
0.6033622177	0.009365733424
0.6014184116	-0.005660993001
0.604105326	0.004890550812
0.6044531523	0.00737373386
0.599902029	0.001601208012
0.6046613789	0.003036671333
0.6017689248	0.0009432219266
0.606245465	0.003295128513
0.6079556422	0.007522008228
0.6110071525	-0.0007544652578
0.6087663383	0.005477889011
0.6037247025	0.006815268328
0.6054275915	0.01166840335
0.6025557922	0.00203548181
0.6006841574	0.01196575863
0.6019677373	0.007811901274
0.6046529589	0.00628019721
0.6084572567	0.003585753414
0.6002323072	-0.0005419102812
0.5986221187	0.005493147063
0.6018535796	0.002751951532
0.6043894456	0.00779170289
0.6022786887	-0.002312285312
0.6025229416	0.005868237294
0.6060748046	0.005691933803
0.6032000824	0.005985240961
0.5998046147	0.002813324239
0.6017846296	0.01115648999
0.5971774814	0.006613731633
0.5972394256	0.009842104454
0.6022430163	0.008385042606
0.6055560817	0.002862211903
0.608235132	0.008099479374
0.6076081509	0.009284620803
0.6073820275	0.002683033864
0.6039906709	0.007747887508
0.5997799285	0.01235766401
0.6018558177	0.008947885423
0.6052079184	0.005960173059
0.6082053831	0.009017514392
0.6099765844	0.007436373428
0.6053735095	0.004385054882
0.6081251813	0.00758205496
0.600768564	0.005788928784
0.6012502208	0.004844435827
0.6045595523	0.008358635457
0.6048109711	0.007559428299
0.5993290187	0.004197212002
0.6034101849	0.006925880557
0.5991084112	-0.001913409687
0.6001358405	0.001775303123
0.6031773318	0.007994534749
0.6016498871	0.00449379906
0.6039155751	0.009706923958
0.6029462853	0.009837594959
0.6009393263	0.007004951103
0.597411857	0.009191618709
0.5995425205	0.005325031773
0.6002247667	0.01080278504
0.597867796	0.001877470839
0.598924055	0.007339051691
0.601218545	0.01064724939
0.5999893317	0.004436473896
0.6018411335	0.005248530823
0.6017704895	0.0001598757679
0.598642759	0.009580901068
0.5972312743	0.01120489779
0.6008248973	0.003071329578
0.5991788399	0.001954283209
0.6036632503	0.005349342514
0.6018639058	0.003348604461
0.6025852644	0.006063397311
0.6039909678	0.006261216754
0.6087605522	0.008693135901
0.606601207	0.008951174156
0.6032602699	0.008467736082
0.6040884082	0.007336319946
0.6039920294	0.003960488037
0.6021459601	0.007684586201
0.6027559261	0.006190049377
0.6033303208	0.01178157164
0.6069468552	0.006500374602
0.6065672232	0.01461823617
0.6053750771	0.002048607822
# polyakov_loop, 1x1, 2x2, 3x3, 4x4, 5x5, 6x6
