# Ising Model MC	
# L	128
# a	0.10000000000000001
# m0	1
# mu^2	-1
# lambda	1
# n_thermalisation	1000
# n_measurements	1000000
# Acceptance during thermalisation: 87.432406249999914%
# Acceptance during measurements: 87.40798906250312%
#hist -5.8799999999999999	0
#hist -5.6399999999999997	0
#hist -5.4000000000000004	0
#hist -5.1600000000000001	0
#hist -4.9199999999999999	0
#hist -4.6799999999999997	0
#hist -4.4399999999999995	0
#hist -4.1999999999999993	0
#hist -3.9599999999999995	0
#hist -3.7199999999999998	0
#hist -3.4800000000000004	0
#hist -3.2400000000000002	0
#hist -3	0
#hist -2.7599999999999998	0
#hist -2.5200000000000005	1.3020833333333334e-07
#hist -2.2800000000000002	5.5338541666666671e-06
#hist -2.04	0.00013043619791666667
#hist -1.8000000000000003	0.0015477213541666666
#hist -1.5600000000000001	0.010645898437500001
#hist -1.3199999999999998	0.045509993489583331
#hist -1.0800000000000003	0.12967929687499999
#hist -0.84000000000000008	0.26673414713541665
#hist -0.59999999999999987	0.42510719401041669
#hist -0.36000000000000032	0.55824609375000001
#hist -0.12000000000000011	0.63319414062500001
#hist 0.12000000000000011	0.63574137369791661
#hist 0.36000000000000032	0.56419111328125005
#hist 0.60000000000000053	0.43153743489583335
#hist 0.83999999999999941	0.27203597005208335
#hist 1.0799999999999996	0.13282867838541668
#hist 1.3199999999999998	0.046751367187499997
#hist 1.5600000000000001	0.011035872395833334
#hist 1.8000000000000003	0.0016040039062500001
#hist 2.0400000000000005	0.00013430989583333334
#hist 2.2799999999999994	5.826822916666667e-06
#hist 2.5199999999999996	1.3020833333333334e-07
#hist 2.7599999999999998	0
#hist 3	0
#hist 3.2400000000000002	0
#hist 3.4800000000000004	0
#hist 3.7200000000000006	0
#hist 3.9599999999999995	0
#hist 4.1999999999999993	0
#hist 4.4399999999999995	0
#hist 4.6799999999999997	0
#hist 4.9199999999999999	0
#hist 5.1600000000000001	0
#hist 5.3999999999999995	0
#hist 5.6399999999999997	0
#hist 5.8799999999999999	0
# mu2		E_0		error
#-1	0.50980651272806732	0.00032583768027196305
0	0.32628676469052226	0.001310257976335273
1	0.28163413484476096	0.0012134167035465844
2	0.24131798015582812	0.0011398969826860686
3	0.20774521678736321	0.0010938197668400814
4	0.17975136488488733	0.0010700473660428434
5	0.15461905854399122	0.0010563687144861931
6	0.13230081845045702	0.001049560000392438
7	0.11381227499496399	0.0010376632606554849
8	0.097325373706480436	0.0010340569178610896
9	0.08447402692268953	0.0010310040960778497
10	0.073091695585296143	0.0010323195265279212
11	0.063102883223748463	0.0010324542711164697
12	0.053807832753435376	0.0010294396901487464
13	0.046139338410261362	0.0010288757009657803
14	0.039080678101020533	0.0010281741468822876
15	0.034318214186738534	0.0010307364016628904
16	0.030547111764721645	0.0010282024500673464
17	0.025836670693722516	0.0010296419986240552
18	0.02199455560811912	0.0010273803374039833
19	0.019363144518142254	0.0010289688826068978
20	0.01630285758274343	0.0010288095083667214
21	0.014240369462313659	0.0010269925298842194
22	0.010285546326669713	0.0010286983850749424
23	0.0088301323673431135	0.0010311504296844169
24	0.0076885533739871085	0.0010267480238418303
25	0.0073199224809723101	0.0010281575052692533
26	0.0052718709308431531	0.0010271068475508544
27	0.0042697218725340257	0.0010307918736560744
28	0.0037954816602582169	0.0010351315988163497
29	0.0042934181554798705	0.0010377035461407798
30	0.0047914337292163526	0.0010372254555190863
31	0.0050595513397959464	0.0010390658315738261
32	0.0049166170845369936	0.0010328671968781321
33	0.0047348990602604189	0.0010345444312168624
34	0.0048213851982263261	0.0010401561993494861
35	0.0044145167753470559	0.0010392058186660467
36	0.0045377792058398014	0.001035150588124042
37	0.0043416147141192921	0.0010325326166647788
38	0.0042405311182697183	0.0010295796514636604
39	0.002819607961875479	0.0010307753891367732
40	0.0025472369132382407	0.0010311446316707933
41	0.0016529275820185338	0.0010323039410695485
42	0.0011233535294427372	0.0010318021860202273
43	-0.00020171532183183859	0.0010320215141089164
44	-0.00057417903134184163	0.0010355119961907402
45	-0.0017021054670562361	0.0010342824061386254
46	-0.0010494818864974339	0.0010331226096966842
47	-0.0012474570606164886	0.0010298110698760145
48	-0.002007719526800377	0.0010324073296612002
49	-0.0014762238678727169	0.0010341155620354557
50	-0.0019662550294192232	0.001032724688743451
51	-0.0011270878145107307	0.0010311848857282189
52	-0.0022853938453403929	0.0010316834257748768
53	-0.0027465915271600136	0.0010347791765788811
54	-0.0022132542764861829	0.0010345130948662099
55	-0.0027650575882618993	0.001035780959714931
56	-0.0026038379678270775	0.0010297318146222912
57	-0.0019643220061780751	0.0010355022663076066
58	-0.0017852331204174633	0.0010342506797948329
59	-0.0022419706262408563	0.001031706036508561
60	-0.0024058759910288502	0.0010331858843103591
61	-0.0025580730035172313	0.0010369572549983465
62	-0.0026562030433791039	0.0010335514020669411
63	-0.0023755331936426414	0.0010370757606422527
