# Ising Model MC	
# L	128
# a	0.10000000000000001
# m0	1
# mu^2	-5
# lambda	1
# n_thermalisation	1000
# n_measurements	100000
# Acceptance during thermalisation: 87.368750000000006%
-5.8799999999999999	0
-5.6399999999999997	0
-5.4000000000000004	0
-5.1600000000000001	0
-4.9199999999999999	0
-4.6799999999999997	0
-4.4399999999999995	0
-4.1999999999999993	0
-3.9599999999999995	0
-3.7199999999999998	0
-3.4800000000000004	0
-3.2400000000000002	0
-3	0
-2.7599999999999998	3.2552083333333332e-07
-2.5200000000000005	1.4648437499999999e-05
-2.2800000000000002	0.00037955729166666666
-2.04	0.004482096354166667
-1.8000000000000003	0.028217122395833332
-1.5600000000000001	0.10147623697916666
-1.3199999999999998	0.22519270833333332
-1.0800000000000003	0.34253515624999997
-0.84000000000000008	0.39130664062499998
-0.59999999999999987	0.37223828125000002
-0.36000000000000032	0.32981542968749999
-0.12000000000000011	0.29845182291666666
0.12000000000000011	0.29823958333333334
0.36000000000000032	0.32799414062499999
0.60000000000000053	0.37068196614583332
0.83999999999999941	0.38769726562500001
1.0799999999999996	0.33700878906249998
1.3199999999999998	0.22049837239583334
1.5600000000000001	0.098115559895833329
1.8000000000000003	0.027467773437499999
2.0400000000000005	0.0044667968749999998
2.2799999999999994	0.00037109375
2.5199999999999996	1.5299479166666666e-05
2.7599999999999998	0
3	0
3.2400000000000002	0
3.4800000000000004	0
3.7200000000000006	0
3.9599999999999995	0
4.1999999999999993	0
4.4399999999999995	0
4.6799999999999997	0
4.9199999999999999	0
5.1600000000000001	0
5.3999999999999995	0
5.6399999999999997	0
5.8799999999999999	0
