# Ising Model MC	
# L	128
# a	0.10000000000000001
# m0	1
# mu^2	0
# lambda	1
# n_thermalisation	1000
# n_measurements	100000
# Acceptance during thermalisation: 87.369156250000074%
-5.8799999999999999	0
-5.6399999999999997	0
-5.4000000000000004	0
-5.1600000000000001	0
-4.9199999999999999	0
-4.6799999999999997	0
-4.4399999999999995	0
-4.1999999999999993	0
-3.9599999999999995	0
-3.7199999999999998	0
-3.4800000000000004	0
-3.2400000000000002	0
-3	0
-2.7599999999999998	0
-2.5200000000000005	0
-2.2800000000000002	2.9296875000000001e-06
-2.04	5.37109375e-05
-1.8000000000000003	0.00078515625000000005
-1.5600000000000001	0.0065895182291666665
-1.3199999999999998	0.032719075520833335
-1.0800000000000003	0.106416015625
-0.84000000000000008	0.24357877604166667
-0.59999999999999987	0.42322070312499999
-0.36000000000000032	0.59077180989583333
-0.12000000000000011	0.68843098958333337
0.12000000000000011	0.68727897135416671
0.36000000000000032	0.58594986979166663
0.60000000000000053	0.41814127604166668
0.83999999999999941	0.23933007812500001
1.0799999999999996	0.10374055989583333
1.3199999999999998	0.032159179687499997
1.5600000000000001	0.0066240234375000004
1.8000000000000003	0.00080533854166666666
2.0400000000000005	6.5429687500000004e-05
2.2799999999999994	2.9296875000000001e-06
2.5199999999999996	3.2552083333333332e-07
2.7599999999999998	0
3	0
3.2400000000000002	0
3.4800000000000004	0
3.7200000000000006	0
3.9599999999999995	0
4.1999999999999993	0
4.4399999999999995	0
4.6799999999999997	0
4.9199999999999999	0
5.1600000000000001	0
5.3999999999999995	0
5.6399999999999997	0
5.8799999999999999	0
