# Ising Model MC	
# L	128
# a	0.10000000000000001
# m0	1
# mu^2	6
# lambda	1
# n_thermalisation	1000
# n_measurements	100000
# Acceptance during thermalisation: 87.225500000000011%
-5.8799999999999999	0
-5.6399999999999997	0
-5.4000000000000004	0
-5.1600000000000001	0
-4.9199999999999999	0
-4.6799999999999997	0
-4.4399999999999995	0
-4.1999999999999993	0
-3.9599999999999995	0
-3.7199999999999998	0
-3.4800000000000004	0
-3.2400000000000002	0
-3	0
-2.7599999999999998	0
-2.5200000000000005	0
-2.2800000000000002	0
-2.04	6.5104166666666664e-07
-1.8000000000000003	3.6783854166666668e-05
-1.5600000000000001	0.00058138020833333338
-1.3199999999999998	0.0057893880208333337
-1.0800000000000003	0.03479557291666667
-0.84000000000000008	0.13484244791666666
-0.59999999999999987	0.35561718749999999
-0.36000000000000032	0.66113020833333336
-0.12000000000000011	0.8942542317708333
0.12000000000000011	0.89294042968749998
0.36000000000000032	0.65801269531249995
0.60000000000000053	0.35325423177083332
0.83999999999999941	0.13380240885416667
1.0799999999999996	0.035039062500000002
1.3199999999999998	0.0059205729166666669
1.5600000000000001	0.0006083984375
1.8000000000000003	4.0039062500000002e-05
2.0400000000000005	9.7656250000000002e-07
2.2799999999999994	0
2.5199999999999996	0
2.7599999999999998	0
3	0
3.2400000000000002	0
3.4800000000000004	0
3.7200000000000006	0
3.9599999999999995	0
4.1999999999999993	0
4.4399999999999995	0
4.6799999999999997	0
4.9199999999999999	0
5.1600000000000001	0
5.3999999999999995	0
5.6399999999999997	0
5.8799999999999999	0
