# Ising Model MC	
# L	128
# a	0.10000000000000001
# m0	1
# mu^2	-3
# lambda	1
# n_thermalisation	1000
# n_measurements	1000000
# Acceptance during thermalisation: 87.450468750000041%
# Acceptance during measurements: 87.419812906247557%
#hist -5.8799999999999999	0
#hist -5.6399999999999997	0
#hist -5.4000000000000004	0
#hist -5.1600000000000001	0
#hist -4.9199999999999999	0
#hist -4.6799999999999997	0
#hist -4.4399999999999995	0
#hist -4.1999999999999993	0
#hist -3.9599999999999995	0
#hist -3.7199999999999998	0
#hist -3.4800000000000004	0
#hist -3.2400000000000002	0
#hist -3	0
#hist -2.7599999999999998	3.2552083333333335e-08
#hist -2.5200000000000005	1.3671875e-06
#hist -2.2800000000000002	4.0071614583333331e-05
#hist -2.04	0.000679296875
#hist -1.8000000000000003	0.0059979817708333332
#hist -1.5600000000000001	0.030348209635416668
#hist -1.3199999999999998	0.096063118489583335
#hist -1.0800000000000003	0.205726953125
#hist -0.84000000000000008	0.32746054687499998
#hist -0.59999999999999987	0.42069472656250001
#hist -0.36000000000000032	0.47252998046875
#hist -0.12000000000000011	0.49397229817708332
#hist 0.12000000000000011	0.49837226562499998
#hist 0.36000000000000032	0.48371363932291667
#hist 0.60000000000000053	0.43518541666666666
#hist 0.83999999999999941	0.34096181640625001
#hist 1.0799999999999996	0.21524892578124999
#hist 1.3199999999999998	0.10059557291666667
#hist 1.5600000000000001	0.031948730468749999
#hist 1.8000000000000003	0.00635732421875
#hist 2.0400000000000005	0.00072376302083333331
#hist 2.2799999999999994	4.3684895833333333e-05
#hist 2.5199999999999996	9.1145833333333332e-07
#hist 2.7599999999999998	3.2552083333333335e-08
#hist 3	0
#hist 3.2400000000000002	0
#hist 3.4800000000000004	0
#hist 3.7200000000000006	0
#hist 3.9599999999999995	0
#hist 4.1999999999999993	0
#hist 4.4399999999999995	0
#hist 4.6799999999999997	0
#hist 4.9199999999999999	0
#hist 5.1600000000000001	0
#hist 5.3999999999999995	0
#hist 5.6399999999999997	0
#hist 5.8799999999999999	0
# mu2		E_0		error
#-3	0.12223116355668487	0.00035832154051505978
0	0.46258555475599228	0.0016964951238731742
1	0.41714664936361834	0.0015921221523921662
2	0.37462362545417177	0.001512406390749641
3	0.33765422990917499	0.001462233303266674
4	0.30577190875475274	0.0014390545286868325
5	0.2757928296460585	0.0014251998636431466
6	0.24788328058331438	0.0014223545176884559
7	0.22374989409434687	0.001416183356383458
8	0.20111144862547661	0.00141592168716293
9	0.18212550933605898	0.0014185335484433821
10	0.16461522207416415	0.0014223403787859629
11	0.1488583425338271	0.0014282875643013848
12	0.13359810586257262	0.0014255587779030106
13	0.12017440672456912	0.0014274731754144953
14	0.10721521241649172	0.0014303425374782484
15	0.097756132553453695	0.0014373793730540689
16	0.089224463174836552	0.0014390467340312614
17	0.079692771675590343	0.0014422078855486878
18	0.071372722525993526	0.0014440103297255005
19	0.06482243172979138	0.0014489288791382344
20	0.057996507821081088	0.0014497902028709618
21	0.052683884169838574	0.0014473499710281178
22	0.045623137052960949	0.0014490285517934688
23	0.041583014233589483	0.0014541081369663792
24	0.037424628800730601	0.0014509659183742506
25	0.034731291047848334	0.0014536726064458873
26	0.030043938204554452	0.0014539582128844375
27	0.027186779574725144	0.0014559952194770297
28	0.024666543625495425	0.0014609549453015159
29	0.02333374775080882	0.0014599785001275535
30	0.021910841854167425	0.0014601167112969948
31	0.020786550092595588	0.0014640534088062717
32	0.01897880314771672	0.0014574009511878004
33	0.017339433769679689	0.0014596972183374673
34	0.016397579801802804	0.0014650854882150264
35	0.015409508479732974	0.0014623930550173893
36	0.014431691625643282	0.0014580519293440728
37	0.01326417457496957	0.0014563826891751779
38	0.012280362487346839	0.0014521080242105163
39	0.0096036389653284659	0.001456605519524789
40	0.0084475719015017631	0.0014576216756067128
41	0.0068637144862449869	0.0014590305650102294
42	0.0056407847889924385	0.0014570247476868594
43	0.003550635332152424	0.0014562812432431995
44	0.0020031663661901028	0.0014630407390142514
45	4.5459807103057822e-05	0.0014612925688432582
46	-0.00010277573646438708	0.0014598112238082023
47	-0.00051224877426040523	0.0014541674474401335
48	-0.0019716374718383887	0.0014570779444341986
49	-0.0016389701916536916	0.0014600073549684634
50	-0.0021598895186587079	0.0014578121973557589
51	-0.0010955403598597849	0.0014535773239109987
52	-0.0024354006281835558	0.0014551397151501442
53	-0.0031775121316469182	0.0014617663763864977
54	-0.0025650072250775792	0.0014634319061756363
55	-0.0032526649520592792	0.0014641067612018433
56	-0.0032321448268659821	0.0014577915084272722
57	-0.0030020206245649104	0.0014633123656493171
58	-0.0029198298948114832	0.0014614709590876703
59	-0.0037499278806797914	0.0014590949390859349
60	-0.0039503485935781027	0.0014625179024615816
61	-0.0042573969144566008	0.0014670188289702824
62	-0.0042555978788788654	0.0014654903092516096
63	-0.0041958180078613284	0.0014701991000820556
