# Ising Model MC	
# L	128
# a	0.10000000000000001
# m0	1
# mu^2	0
# lambda	3
# n_thermalisation	1000
# n_measurements	100000
# Acceptance during thermalisation: 87.268156249999961%
-5.8799999999999999	0
-5.6399999999999997	0
-5.4000000000000004	0
-5.1600000000000001	0
-4.9199999999999999	0
-4.6799999999999997	0
-4.4399999999999995	0
-4.1999999999999993	0
-3.9599999999999995	0
-3.7199999999999998	0
-3.4800000000000004	0
-3.2400000000000002	0
-3	0
-2.7599999999999998	0
-2.5200000000000005	0
-2.2800000000000002	0
-2.04	0
-1.8000000000000003	1.3671875e-05
-1.5600000000000001	0.00044726562500000002
-1.3199999999999998	0.0066666666666666671
-1.0800000000000003	0.045319986979166664
-0.84000000000000008	0.1705791015625
-0.59999999999999987	0.39837727864583333
-0.36000000000000032	0.65443489583333336
-0.12000000000000011	0.81734179687499997
0.12000000000000011	0.81377864583333337
0.36000000000000032	0.64786360677083332
0.60000000000000053	0.39332845052083332
0.83999999999999941	0.16680403645833333
1.0799999999999996	0.044662760416666669
1.3199999999999998	0.0065904947916666668
1.5600000000000001	0.00044368489583333331
1.8000000000000003	1.3997395833333333e-05
2.0400000000000005	3.2552083333333332e-07
2.2799999999999994	0
2.5199999999999996	0
2.7599999999999998	0
3	0
3.2400000000000002	0
3.4800000000000004	0
3.7200000000000006	0
3.9599999999999995	0
4.1999999999999993	0
4.4399999999999995	0
4.6799999999999997	0
4.9199999999999999	0
5.1600000000000001	0
5.3999999999999995	0
5.6399999999999997	0
5.8799999999999999	0
