# Ising Model MC	
# L	128
# a	0.10000000000000001
# m0	1
# mu^2	-3
# lambda	1
# n_thermalisation	1000
# n_measurements	100000
# Acceptance during thermalisation: 87.400281250000035%
-5.8799999999999999	0
-5.6399999999999997	0
-5.4000000000000004	0
-5.1600000000000001	0
-4.9199999999999999	0
-4.6799999999999997	0
-4.4399999999999995	0
-4.1999999999999993	0
-3.9599999999999995	0
-3.7199999999999998	0
-3.4800000000000004	0
-3.2400000000000002	0
-3	0
-2.7599999999999998	0
-2.5200000000000005	6.5104166666666664e-07
-2.2800000000000002	3.9388020833333332e-05
-2.04	0.00066373697916666664
-1.8000000000000003	0.0061057942708333335
-1.5600000000000001	0.031419921875
-1.3199999999999998	0.10010188802083334
-1.0800000000000003	0.21389029947916666
-0.84000000000000008	0.33969433593749998
-0.59999999999999987	0.43207747395833335
-0.36000000000000032	0.48074153645833334
-0.12000000000000011	0.4971875
0.12000000000000011	0.49581868489583331
0.36000000000000032	0.47562565104166665
0.60000000000000053	0.42402441406250002
0.83999999999999941	0.32944466145833334
1.0799999999999996	0.20663964843749999
1.3199999999999998	0.096048502604166669
1.5600000000000001	0.030422200520833335
1.8000000000000003	0.0060084635416666667
2.0400000000000005	0.00066373697916666664
2.2799999999999994	4.6223958333333331e-05
2.5199999999999996	1.953125e-06
2.7599999999999998	0
3	0
3.2400000000000002	0
3.4800000000000004	0
3.7200000000000006	0
3.9599999999999995	0
4.1999999999999993	0
4.4399999999999995	0
4.6799999999999997	0
4.9199999999999999	0
5.1600000000000001	0
5.3999999999999995	0
5.6399999999999997	0
5.8799999999999999	0
