# Ising Model MC	
# L	128
# a	0.10000000000000001
# m0	1
# mu^2	1
# lambda	0
# n_thermalisation	1000
# n_measurements	100000
# Acceptance during thermalisation: 87.438687499999943%
-5.8799999999999999	0
-5.6399999999999997	0
-5.4000000000000004	0
-5.1600000000000001	0
-4.9199999999999999	0
-4.6799999999999997	0
-4.4399999999999995	0
-4.1999999999999993	0
-3.9599999999999995	0
-3.7199999999999998	6.5104166666666664e-07
-3.4800000000000004	2.6041666666666666e-06
-3.2400000000000002	1.1393229166666667e-05
-3	6.0221354166666668e-05
-2.7599999999999998	0.0002392578125
-2.5200000000000005	0.00086848958333333331
-2.2800000000000002	0.002890625
-2.04	0.008673177083333334
-1.8000000000000003	0.022502929687499999
-1.5600000000000001	0.051313476562500002
-1.3199999999999998	0.10252506510416666
-1.0800000000000003	0.18100878906250001
-0.84000000000000008	0.28431901041666668
-0.59999999999999987	0.39892805989583335
-0.36000000000000032	0.49898958333333332
-0.12000000000000011	0.55646126302083332
0.12000000000000011	0.55358365885416672
0.36000000000000032	0.49108984374999998
0.60000000000000053	0.38821289062499997
0.83999999999999941	0.27347460937500001
1.0799999999999996	0.17159374999999999
1.3199999999999998	0.09654036458333333
1.5600000000000001	0.048591796875000003
1.8000000000000003	0.021724934895833332
2.0400000000000005	0.0086497395833333331
2.2799999999999994	0.0030429687500000001
2.5199999999999996	0.00099088541666666661
2.7599999999999998	0.00028776041666666669
3	6.8033854166666668e-05
3.2400000000000002	1.4648437499999999e-05
3.4800000000000004	4.557291666666667e-06
3.7200000000000006	1.3020833333333333e-06
3.9599999999999995	3.2552083333333332e-07
4.1999999999999993	0
4.4399999999999995	0
4.6799999999999997	0
4.9199999999999999	0
5.1600000000000001	0
5.3999999999999995	0
5.6399999999999997	0
5.8799999999999999	0
