# Ising Model MC	
# L	128
# a	0.10000000000000001
# m0	1
# mu^2	-2
# lambda	1
# n_thermalisation	1000
# n_measurements	1000000
# Acceptance during thermalisation: 87.4398750000001%
# Acceptance during measurements: 87.418341781248742%
#hist -5.8799999999999999	0
#hist -5.6399999999999997	0
#hist -5.4000000000000004	0
#hist -5.1600000000000001	0
#hist -4.9199999999999999	0
#hist -4.6799999999999997	0
#hist -4.4399999999999995	0
#hist -4.1999999999999993	0
#hist -3.9599999999999995	0
#hist -3.7199999999999998	0
#hist -3.4800000000000004	0
#hist -3.2400000000000002	0
#hist -3	0
#hist -2.7599999999999998	0
#hist -2.5200000000000005	5.5338541666666671e-07
#hist -2.2800000000000002	1.3736979166666667e-05
#hist -2.04	0.00028714192708333331
#hist -1.8000000000000003	0.0029828124999999998
#hist -1.5600000000000001	0.01767021484375
#hist -1.3199999999999998	0.065322721354166668
#hist -1.0800000000000003	0.16265478515625001
#hist -0.84000000000000008	0.29606087239583334
#hist -0.59999999999999987	0.42687610677083332
#hist -0.36000000000000032	0.52138984374999997
#hist -0.12000000000000011	0.5701905924479167
#hist 0.12000000000000011	0.57352753906249998
#hist 0.36000000000000032	0.53042089843749995
#hist 0.60000000000000053	0.43716149088541667
#hist 0.83999999999999941	0.30460465494791666
#hist 1.0799999999999996	0.16793587239583332
#hist 1.3199999999999998	0.067676660156249999
#hist 1.5600000000000001	0.018430501302083332
#hist 1.8000000000000003	0.0031365234375000002
#hist 2.0400000000000005	0.00030774739583333332
#hist 2.2799999999999994	1.5104166666666667e-05
#hist 2.5199999999999996	2.9296874999999997e-07
#hist 2.7599999999999998	0
#hist 3	0
#hist 3.2400000000000002	0
#hist 3.4800000000000004	0
#hist 3.7200000000000006	0
#hist 3.9599999999999995	0
#hist 4.1999999999999993	0
#hist 4.4399999999999995	0
#hist 4.6799999999999997	0
#hist 4.9199999999999999	0
#hist 5.1600000000000001	0
#hist 5.3999999999999995	0
#hist 5.6399999999999997	0
#hist 5.8799999999999999	0
# mu2		E_0		error
#-2	0.33261720673993472	0.00033619991471511959
0	0.38287728058443615	0.0014841868854797793
1	0.33766811615429682	0.0013839571422043153
2	0.29610533467545641	0.0013058371720202414
3	0.2609401385908991	0.001257520173838832
4	0.23100667359657825	0.0012343363751648184
5	0.20365187818930372	0.0012192274081111445
6	0.17847804457699748	0.001213328461130003
7	0.15715206891014549	0.0012018434140298891
8	0.13767287233498426	0.0011989939840917087
9	0.12196884174647321	0.0011987617625922966
10	0.1078756597502951	0.001200750257898571
11	0.095178243371278823	0.001201784210510028
12	0.08330590924344615	0.001198216709481173
13	0.073104212936390231	0.0011991685984270874
14	0.063523887569796947	0.0011986501795750355
15	0.056929800357148813	0.0012029811645226742
16	0.05097090565226884	0.0012015509394001196
17	0.044300188596789948	0.0012024306889108882
18	0.038542982932568359	0.0012013932914641237
19	0.034131653882103472	0.0012035972333914501
20	0.029772934207983107	0.0012053296298964739
21	0.026332748835581586	0.0012020475057525387
22	0.021349141504625094	0.0012031173128632274
23	0.019058600821210827	0.0012063379889185842
24	0.016884246083001816	0.0012027419061220116
25	0.015778678417485158	0.0012042736096213337
26	0.01271541400646059	0.0012047427623449057
27	0.011065750391094814	0.0012067644681666833
28	0.0096413732078272918	0.0012104190206897363
29	0.0097718394899078392	0.0012117647931771489
30	0.0097340057400993676	0.00121078073780693
31	0.0098537105875730457	0.001213986408528947
32	0.0092377095328785887	0.0012088841121793462
33	0.0085283993874433698	0.0012107232565387771
34	0.00837984892433042	0.0012150787727154167
35	0.0077046064005567788	0.0012135220219254678
36	0.0072846860196205173	0.0012095408076122883
37	0.0068828764646836566	0.0012062253588156343
38	0.0067333307695615404	0.00120191724121383
39	0.0047906863276495574	0.0012058737682330773
40	0.0042240302240632117	0.0012057137636937573
41	0.0034493457266279184	0.0012065431499943314
42	0.002611941065004134	0.0012051413396655746
43	0.0011398041219512604	0.0012067457423276925
44	0.00020399927450484877	0.0012118350610127778
45	-0.0012171947534783999	0.0012113248376532993
46	-0.0011230957855529839	0.0012096002769511457
47	-0.0015408821298996489	0.0012055677407369926
48	-0.0025325220013939307	0.0012086587123587608
49	-0.0020933911840246944	0.0012095867550024277
50	-0.0024575516447901645	0.0012085385039481884
51	-0.0016141682179371703	0.0012050413623159045
52	-0.0026955459299819735	0.0012071648053482301
53	-0.0030895711017511459	0.00121232156880037
54	-0.0023516445339348538	0.0012128919526905508
55	-0.0027657177697663058	0.0012148230105557452
56	-0.0027252913452937753	0.0012086430387954297
57	-0.0022678065648469568	0.0012135924395816967
58	-0.0022253396226638907	0.0012110463669827755
59	-0.002937999524624597	0.0012082701333317027
60	-0.0031542771176822082	0.0012105979879244281
61	-0.0033171382358810251	0.001214125212600195
62	-0.0034428385885000002	0.001212299290768644
63	-0.0031891939900473574	0.0012147073345135893
