# Ising Model MC	
# L	128
# a	0.10000000000000001
# m0	1
# mu^2	-8
# lambda	1
# n_thermalisation	1000
# n_measurements	100000
# Acceptance during thermalisation: 87.118499999999898%
-5.8799999999999999	0
-5.6399999999999997	0
-5.4000000000000004	0
-5.1600000000000001	0
-4.9199999999999999	0
-4.6799999999999997	0
-4.4399999999999995	0
-4.1999999999999993	0
-3.9599999999999995	0
-3.7199999999999998	0
-3.4800000000000004	0
-3.2400000000000002	0
-3	3.2552083333333332e-07
-2.7599999999999998	2.0182291666666667e-05
-2.5200000000000005	0.00059212239583333328
-2.2800000000000002	0.0083645833333333332
-2.04	0.058443033854166666
-1.8000000000000003	0.21094498697916667
-1.5600000000000001	0.42933333333333334
-1.3199999999999998	0.54109667968749997
-1.0800000000000003	0.45704850260416668
-0.84000000000000008	0.28328027343750001
-0.59999999999999987	0.14215136718749999
-0.36000000000000032	0.067608398437499995
-0.12000000000000011	0.038245442708333334
0.12000000000000011	0.036511393229166668
0.36000000000000032	0.060556315104166668
0.60000000000000053	0.125126953125
0.83999999999999941	0.24539518229166668
1.0799999999999996	0.39404166666666668
1.3199999999999998	0.46356901041666665
1.5600000000000001	0.36694401041666669
1.8000000000000003	0.17980826822916668
2.0400000000000005	0.049809570312500002
2.2799999999999994	0.007267903645833333
2.5199999999999996	0.0004912109375
2.7599999999999998	1.5950520833333332e-05
3	0
3.2400000000000002	0
3.4800000000000004	0
3.7200000000000006	0
3.9599999999999995	0
4.1999999999999993	0
4.4399999999999995	0
4.6799999999999997	0
4.9199999999999999	0
5.1600000000000001	0
5.3999999999999995	0
5.6399999999999997	0
5.8799999999999999	0
