# Ising Model MC	
# L	128
# a	0.10000000000000001
# m0	1
# mu^2	-3
# lambda	1
# n_thermalisation	1000
# n_measurements	1000
# Acceptance during thermalisation: 87.400281250000035%
# Acceptance during measurements: 87.384750000000039%
#hist -5.8799999999999999	0
#hist -5.6399999999999997	0
#hist -5.4000000000000004	0
#hist -5.1600000000000001	0
#hist -4.9199999999999999	0
#hist -4.6799999999999997	0
#hist -4.4399999999999995	0
#hist -4.1999999999999993	0
#hist -3.9599999999999995	0
#hist -3.7199999999999998	0
#hist -3.4800000000000004	0
#hist -3.2400000000000002	0
#hist -3	0
#hist -2.7599999999999998	0
#hist -2.5200000000000005	0
#hist -2.2800000000000002	3.2552083333333333e-05
#hist -2.04	0.0010742187500000001
#hist -1.8000000000000003	0.0072591145833333336
#hist -1.5600000000000001	0.028743489583333334
#hist -1.3199999999999998	0.081835937499999997
#hist -1.0800000000000003	0.16533203125000001
#hist -0.84000000000000008	0.2587890625
#hist -0.59999999999999987	0.30667317708333336
#hist -0.36000000000000032	0.35494791666666664
#hist -0.12000000000000011	0.39244791666666667
#hist 0.12000000000000011	0.46279296874999998
#hist 0.36000000000000032	0.53753255208333328
#hist 0.60000000000000053	0.54449869791666672
#hist 0.83999999999999941	0.47324218750000002
#hist 1.0799999999999996	0.32151692708333335
#hist 1.3199999999999998	0.16614583333333333
#hist 1.5600000000000001	0.051725260416666669
#hist 1.8000000000000003	0.010970052083333333
#hist 2.0400000000000005	0.0010742187500000001
#hist 2.2799999999999994	3.2552083333333333e-05
#hist 2.5199999999999996	0
#hist 2.7599999999999998	0
#hist 3	0
#hist 3.2400000000000002	0
#hist 3.4800000000000004	0
#hist 3.7200000000000006	0
#hist 3.9599999999999995	0
#hist 4.1999999999999993	0
#hist 4.4399999999999995	0
#hist 4.6799999999999997	0
#hist 4.9199999999999999	0
#hist 5.1600000000000001	0
#hist 5.3999999999999995	0
#hist 5.6399999999999997	0
#hist 5.8799999999999999	0
# mu2		E_0		error
#-3	0.25577035477946408	0.013582184491473992
0	0.49956913005153253	0.059801312496720611
1	0.4657340469356005	0.059598928932961232
2	0.41931430581925022	0.059290044421142774
3	0.39619965563318327	0.061831846534825201
4	0.39481880076830417	0.065064691523769577
5	0.3355605997390112	0.059117629224006478
6	0.3120734434056851	0.05586838065661965
7	0.26910616766754203	0.049211412569801175
8	0.23771267482159558	0.046644085634671102
9	0.21336276008707347	0.048773661950729109
10	0.19891245481513889	0.048051744061858644
11	0.21159506056441438	0.052784695915006355
12	0.19956724798978026	0.052390942431423879
13	0.20033520828625928	0.047094144408441396
14	0.17042415858446103	0.045717745331704904
15	0.17869526176407816	0.054048406839664019
16	0.17937004631910267	0.055672374077595489
17	0.15873395863855252	0.047100231932229057
18	0.15017491748615619	0.044887805060268876
19	0.13841717257179761	0.046031148060777898
20	0.15817192263721214	0.055553906475926673
21	0.14374785627927511	0.057671901851191996
22	0.16037167302075872	0.05417740819153604
23	0.15546974452430595	0.057067531999314781
24	0.13188958739308945	0.050814600222882318
25	0.082120168361157958	0.047639706445778834
26	0.064641224026710242	0.047271686906150315
27	0.05004805289597139	0.052529870050207039
28	0.06311156868995306	0.054240826513794291
29	0.025650329213019948	0.050705647440065976
30	0.014399608833954428	0.050858984877227086
31	0.022830069907041683	0.051452742291383677
32	-0.017600306575685783	0.054895422221992868
33	-0.04825151824357473	0.060527681674793589
34	-0.05158336315016579	0.055076130682391797
35	-0.047022612027056258	0.055093430645641053
36	-0.054769536043244943	0.050413475066264375
37	-0.063259900923979914	0.051728794873738798
38	-0.089883607710265032	0.06256864939124504
39	-0.077397954144398998	0.066194572695405171
40	-0.10866716886833946	0.05938564459712338
41	-0.13707308037971985	0.058264040676999904
42	-0.14956561337978178	0.059711125147961008
43	-0.11125252195985556	0.059465831100719034
44	-0.048616652610135036	0.057437450664044466
45	-0.081860492850199751	0.061529367636325556
46	-0.053251546735911093	0.059251459448556289
47	-0.060163826717428447	0.057547760189053124
48	-0.040648947737592131	0.054924823843589828
49	-0.02622141352545505	0.051060022758401956
50	-0.040858338914985269	0.053086604871786271
51	-0.026369705768375433	0.057048799870293584
52	-0.020630499183670797	0.057691203757562946
53	-0.060591787557497251	0.060222277888286387
54	-0.067249417544365336	0.05740319732288264
55	-0.017948400820092594	0.060396841170225896
56	0.033835753471912353	0.055891646753538193
57	0.045774107896652455	0.053429905623950467
58	0.039732592839499772	0.061477677375567932
59	0.021326515185525766	0.05907641941434371
60	0.004860465326395543	0.056336975707095727
61	0.0061513694039455171	0.056555374578552683
62	-0.0020277241543910206	0.05280131346749907
63	-0.031726958447224937	0.057112326378106502
